;   
;  IMD Data
;   
;  Saved on Sat Nov  3 20:43:45 2018
;   
;  Structure: 
;   
;  c-ZnS layer (1), z=0.65 um
;  Si layer (2), z=465.00 um
;   
;  
;   
;  Theta=0.000 deg
;   
;  Lambda [um] 	R 	T 	A
       4.8000000       0.47117409       0.52863524    0.00019066854
       4.8001000       0.47939785       0.52041442    0.00018772516
       4.8002000       0.48668963       0.51312525    0.00018511733
       4.8003000       0.49303003       0.50678715    0.00018282437
       4.8004000       0.49850413       0.50131500    0.00018087165
       4.8005001       0.50308644       0.49673432    0.00017924033
       4.8006001       0.50678847       0.49303361    0.00017792639
       4.8007001       0.50962003       0.49020305    0.00017692640
       4.8008001       0.51158897       0.48823480    0.00017623766
       4.8009001       0.51269706       0.48712711    0.00017583291
       4.8010001       0.51296015       0.48686409    0.00017576005
       4.8011001       0.51237050       0.48745350    0.00017599520
       4.8012001       0.51092664       0.48889682    0.00017653901
       4.8013001       0.50862469       0.49119792    0.00017739300
       4.8014001       0.50547867       0.49434280    0.00017852510
       4.8015002       0.50144496       0.49837504    0.00018000525
       4.8016002       0.49652874       0.50328946    0.00018180474
       4.8017002       0.49071838       0.50909769    0.00018392790
       4.8018002       0.48400115       0.51581247    0.00018637947
       4.8019002       0.47636375       0.52344709    0.00018916438
       4.8020002       0.46784367       0.53196409    0.00019224002
       4.8021002       0.45833269       0.54147161    0.00019570353
       4.8022002       0.44786600       0.55193449    0.00019951359
       4.8023002       0.43643666       0.56335967    0.00020367286
       4.8024002       0.42404251       0.57574930    0.00020818227
       4.8025003       0.41076551       0.58902151    0.00021297996
       4.8026003       0.39646884       0.60331298    0.00021817948
       4.8027003       0.38124867       0.61852762    0.00022371455
       4.8028003       0.36514272       0.63462770    0.00022957168
       4.8029003       0.34820518       0.65155908    0.00023573139
       4.8030003       0.33051011       0.66924773    0.00024216700
       4.8031003       0.31225902       0.68749221    0.00024876793
       4.8032003       0.29336822       0.70637614    0.00025563903
       4.8033003       0.27409038       0.72564697    0.00026265218
       4.8034003       0.25460768       0.74512258    0.00026974146
       4.8035004       0.23513414       0.76458903    0.00027682942
       4.8036004       0.21602184       0.78369442    0.00028374551
       4.8037004       0.19732815       0.80238130    0.00029055392
       4.8038004       0.17946090       0.82024203    0.00029706490
       4.8039004       0.16273671       0.83696013    0.00030316362
       4.8040004       0.14748025       0.85221102    0.00030873227
       4.8041004       0.13401235       0.86567399    0.00031365438
       4.8042004       0.12269391       0.87698834    0.00031775072
       4.8043004       0.11366702       0.88601191    0.00032106527
       4.8044004       0.10722677       0.89244978    0.00032344320
       4.8045005       0.10353894       0.89613623    0.00032482402
       4.8046005       0.10270017       0.89697465    0.00032517227
       4.8047005       0.10471277       0.89496279    0.00032443754
       4.8048005       0.10954480       0.89013247    0.00032272953
       4.8049005       0.11706553       0.88261442    0.00032004595
       4.8050005       0.12708227       0.87260128    0.00031645629
       4.8051005       0.13934841       0.86033954    0.00031204963
       4.8052005       0.15357715       0.84611592    0.00030692968
       4.8053005       0.16936300       0.83033580    0.00030119769
       4.8054005       0.18656175       0.81314326    0.00029499787
       4.8055006       0.20476660       0.79494497    0.00028843118
       4.8056006       0.22366796       0.77605043    0.00028160983
       4.8057006       0.24297716       0.75674821    0.00027463850
       4.8058006       0.26243241       0.73729998    0.00026761218
       4.8059006       0.28169415       0.71804523    0.00026061472
       4.8060006       0.30078082       0.69896546    0.00025371932
       4.8061006       0.31941478       0.68033823    0.00024698637
       4.8062006       0.33745745       0.66230208    0.00024046627
       4.8063006       0.35479776       0.64496804    0.00023419944
       4.8064006       0.37125870       0.62851308    0.00022821582
       4.8065007       0.38696138       0.61281608    0.00022254137
       4.8066007       0.40176387       0.59801894    0.00021719237
       4.8067007       0.41563473       0.58415309    0.00021218039
       4.8068007       0.42855501       0.57123747    0.00020751246
       4.8069007       0.44051571       0.55928110    0.00020319198
       4.8070007       0.45145642       0.54834437    0.00019921099
       4.8071007       0.46150510       0.53829931    0.00019558382
       4.8072007       0.47060584       0.52920186    0.00019230025
       4.8073007       0.47876986       0.52104078    0.00018935634
       4.8074007       0.48601000       0.51380325    0.00018674755
       4.8075008       0.49230664       0.50750891    0.00018445334
       4.8076008       0.49774411       0.50207339    0.00018249912
       4.8077008       0.50229682       0.49752232    0.00018086615
       4.8078008       0.50597598       0.49384447    0.00017955049
       4.8079008       0.50879119       0.49103026    0.00017854875
       4.8080008       0.51075011       0.48907203    0.00017785830
       4.8081008       0.51185439       0.48796816    0.00017745189
       4.8082008       0.51211979       0.48770283    0.00017737743
       4.8083008       0.51153860       0.48828379    0.00017761103
       4.8084008       0.51010937       0.48971248    0.00017815336
       4.8085009       0.50782839       0.49199260    0.00017900587
       4.8086009       0.50470962       0.49511024    0.00018013648
       4.8087009       0.50070993       0.49910845    0.00018161506
       4.8088009       0.49583467       0.50398191    0.00018341283
       4.8089009       0.49007252       0.50974195    0.00018553404
       4.8090009       0.48341107       0.51640094    0.00018798333
       4.8091009       0.47583740       0.52397183    0.00019076555
       4.8092009       0.46738903       0.53241713    0.00019383798
       4.8093009       0.45795876       0.54184394    0.00019729765
       4.8094009       0.44758182       0.55221708    0.00020110314
       4.8095010       0.43625155       0.56354320    0.00020525704
       4.8096010       0.42396596       0.57582428    0.00020976019
       4.8097010       0.41080648       0.58897897    0.00021455080
       4.8098010       0.39663723       0.60314303    0.00021974229
       4.8099010       0.38155344       0.61822129    0.00022526856
       4.8100010       0.36559203       0.63417686    0.00023111629
       4.8101010       0.34880608       0.65095665    0.00023726624
       4.8102010       0.33126794       0.66848837    0.00024369218
       4.8103010       0.31317611       0.68657360    0.00025028417
       4.8104010       0.29444546       0.70529739    0.00025714762
       4.8105011       0.27532426       0.72441158    0.00026415541
       4.8106011       0.25599032       0.74373843    0.00027124276
       4.8107011       0.23665254       0.76306913    0.00027833349
       4.8108011       0.21765681       0.78205793    0.00028525851
       4.8109011       0.19905535       0.80065257    0.00029208345
       4.8110011       0.18124904       0.81845234    0.00029862015
       4.8111011       0.16454826       0.83514699    0.00030475519
       4.8112011       0.14927203       0.85041760    0.00031037198
       4.8113011       0.13573659       0.86394805    0.00031535484
       4.8114011       0.12430065       0.87537982    0.00031952456
       4.8115012       0.11510370       0.88457337    0.00032292536
       4.8116012       0.10844260       0.89123199    0.00032540114
       4.8117012       0.10448669       0.89518642    0.00032688967
       4.8118012       0.10333851       0.89633413    0.00032735308
       4.8119012       0.10501031       0.89466296    0.00032673742
       4.8120012       0.10947579       0.89019906    0.00032515022
       4.8121012       0.11661656       0.88306086    0.00032258515
       4.8122012       0.12625065       0.87343024    0.00031910831
       4.8123012       0.13814183       0.86154336    0.00031480564
       4.8124012       0.15201263       0.84767760    0.00030977822
       4.8125013       0.16746713       0.83222875    0.00030412485
       4.8126013       0.18436383       0.81533818    0.00029798918
       4.8127013       0.20230219       0.79740634    0.00029147096
       4.8128013       0.22097524       0.77874008    0.00028468227
       4.8129013       0.24009538       0.75962689    0.00027772818
       4.8130013       0.25929194       0.74043736    0.00027070361
       4.8131013       0.27854995       0.72118636    0.00026369623
       4.8132013       0.29755907       0.70218415    0.00025677792
       4.8133013       0.31614805       0.68360193    0.00025001137
       4.8134013       0.33417525       0.66558130    0.00024344847
       4.8135014       0.35152642       0.64823645    0.00023713110
       4.8136014       0.36802102       0.63174789    0.00023109083
       4.8137014       0.38377785       0.61599680    0.00022535439
       4.8138014       0.39865193       0.60112813    0.00021993944
       4.8139014       0.41260933       0.58717581    0.00021485855
       4.8140014       0.42562887       0.57416101    0.00021011958
       4.8141014       0.43769963       0.56209465    0.00020572670
       4.8142014       0.44875882       0.55103951    0.00020167284
       4.8143014       0.45893455       0.54086748    0.00019797217
       4.8144014       0.46816908       0.53163630    0.00019461516
       4.8145015       0.47647281       0.52333559    0.00019159815
       4.8146015       0.48385792       0.51595316    0.00018891681
       4.8147015       0.49030345       0.50951000    0.00018655107
       4.8148015       0.49589527       0.50392021    0.00018452569
       4.8149015       0.50060676       0.49921042    0.00018282230
       4.8150015       0.50444918       0.49536938    0.00018143691
       4.8151015       0.50743227       0.49238737    0.00018036607
       4.8152015       0.50956392       0.49025647    0.00017960700
       4.8153015       0.51084512       0.48897575    0.00017913272
       4.8154015       0.51129406       0.48852695    0.00017899022
       4.8155016       0.51090252       0.48891833    0.00017915581
       4.8156016       0.50966959       0.49015078    0.00017962994
       4.8157016       0.50759212       0.49222747    0.00018041388
       4.8158016       0.50468357       0.49513495    0.00018147573
       4.8159016       0.50090373       0.49891339    0.00018288434
       4.8160016       0.49625741       0.50355798    0.00018461114
       4.8161016       0.49073386       0.50907948    0.00018666018
       4.8162016       0.48432122       0.51548974    0.00018903597
       4.8163016       0.47700697       0.52280128    0.00019174321
       4.8164016       0.46882743       0.53097783    0.00019473965
       4.8165017       0.45967839       0.54012349    0.00019812128
       4.8166017       0.44959346       0.55020469    0.00020184730
       4.8167017       0.43856547       0.56122861    0.00020592048
       4.8168017       0.42659149       0.57319817    0.00021034204
       4.8169017       0.41374977       0.58603518    0.00021505130
       4.8170017       0.39990570       0.59987414    0.00022016123
       4.8171017       0.38515001       0.61462438    0.00022560727
       4.8172017       0.36951575       0.63025287    0.00023137744
       4.8173017       0.35305127       0.64671127    0.00023745411
       4.8174017       0.33582296       0.66393322    0.00024381302
       4.8175018       0.31802078       0.68172887    0.00025034719
       4.8176018       0.29955418       0.70018866    0.00025716358
       4.8177018       0.28066024       0.71907562    0.00026413886
       4.8178018       0.26150606       0.73822273    0.00027121170
       4.8179018       0.24228894       0.75743275    0.00027830963
       4.8180018       0.22334288       0.77637186    0.00028526739
       4.8181018       0.20470849       0.79499935    0.00029215399
       4.8182018       0.18677529       0.81292593    0.00029878476
       4.8183018       0.16984428       0.82985067    0.00030504891
       4.8184018       0.15422774       0.84546143    0.00031083147
       4.8185019       0.14023871       0.85944528    0.00031601714
       4.8186019       0.12824057       0.87143901    0.00032042431
       4.8187019       0.11837221       0.88130369    0.00032409646
       4.8188019       0.11094453       0.88872859    0.00032687185
       4.8189019       0.10614282       0.89352850    0.00032868196
       4.8190019       0.10408977       0.89558074    0.00032948124
       4.8191019       0.10482622       0.89484458    0.00032920526
       4.8192019       0.10834017       0.89133188    0.00032795616
       4.8193019       0.11454357       0.88513071    0.00032571691
       4.8194019       0.12327823       0.87639922    0.00032254533
       4.8195020       0.13432893       0.86535255    0.00031852026
       4.8196020       0.14743553       0.85225074    0.00031373712
       4.8197020       0.16221845       0.83747326    0.00030828953
       4.8198020       0.17853724       0.82116044    0.00030232154
       4.8199020       0.19599929       0.80370478    0.00029593084
       4.8200020       0.21429783       0.78541294    0.00028923026
       4.8201020       0.23314204       0.76657563    0.00028232680
       4.8202020       0.25215615       0.74756853    0.00027531792
       4.8203020       0.27131599       0.72841571    0.00026829534
       4.8204020       0.29030374       0.70943492    0.00026133422
       4.8205021       0.30893905       0.69080645    0.00025450104
       4.8206021       0.32707112       0.67268103    0.00024785142
       4.8207021       0.34457694       0.65518163    0.00024143079
       4.8208021       0.36126646       0.63849827    0.00023527439
       4.8209021       0.37725356       0.62251703    0.00022941107
       4.8210021       0.39238558       0.60739055    0.00022386139
       4.8211021       0.40662289       0.59315847    0.00021864009
       4.8212021       0.41993949       0.57984675    0.00021375688
       4.8213021       0.43232042       0.56747036    0.00020921743
       4.8214021       0.44369771       0.55609727    0.00020501654
       4.8215022       0.45420071       0.54559812    0.00020116803
       4.8216022       0.46376779       0.53603455    0.00019766374
       4.8217022       0.47240788       0.52739762    0.00019450050
       4.8218022       0.48013214       0.51967618    0.00019167433
       4.8219022       0.48691704       0.51289380    0.00018916603
       4.8220022       0.49285210       0.50696090    0.00018699907
       4.8221022       0.49790874       0.50190610    0.00018515572
       4.8222022       0.50209846       0.49771790    0.00018363187
       4.8223022       0.50543144       0.49438614    0.00018242389
       4.8224022       0.50791619       0.49190228    0.00018152875
       4.8225023       0.50955242       0.49026666    0.00018091990
       4.8226023       0.51036321       0.48945615    0.00018064256
       4.8227023       0.51033928       0.48948004    0.00018067339
       4.8228023       0.50948079       0.49033820    0.00018101246
       4.8229023       0.50778551       0.49203283    0.00018166071
       4.8230023       0.50526583       0.49455158    0.00018258666
       4.8231023       0.50188690       0.49792924    0.00018385717
       4.8232023       0.49765237       0.50216219    0.00018544412
       4.8233023       0.49255238       0.50726027    0.00018735129
       4.8234023       0.48657579       0.51323462    0.00018958292
       4.8235024       0.47971065       0.52009721    0.00019214355
       4.8236024       0.47199097       0.52781404    0.00019499189
       4.8237024       0.46331754       0.53648423    0.00019822197
       4.8238024       0.45372096       0.54607724    0.00020179418
       4.8239024       0.44319296       0.55660133    0.00020571173
       4.8240024       0.43172883       0.56806119    0.00020997648
       4.8241024       0.41940137       0.58038410    0.00021452994
       4.8242024       0.40607795       0.59370256    0.00021948400
       4.8243024       0.39184165       0.60793357    0.00022477704
       4.8244024       0.37671939       0.62305021    0.00023039924
       4.8245025       0.36075172       0.63901195    0.00023633572
       4.8246025       0.34399557       0.65576187    0.00024256555
       4.8247025       0.32662743       0.67312358    0.00024898676
       4.8248025       0.30854834       0.69119595    0.00025570865
       4.8249025       0.28997807       0.70975932    0.00026261416
       4.8250025       0.27106725       0.72866310    0.00026964761
       4.8251025       0.25199561       0.74772765    0.00027674251
       4.8252025       0.23307937       0.76663689    0.00028373994
       4.8253025       0.21434144       0.78536785    0.00029071415
       4.8254025       0.19615456       0.80354795    0.00029748624
       4.8255026       0.17880603       0.82089002    0.00030394974
       4.8256026       0.16259846       0.83709155    0.00030999244
       4.8257026       0.14784066       0.85184384    0.00031549979
       4.8258026       0.13490439       0.86477533    0.00032028657
       4.8259026       0.12392758       0.87574803    0.00032439534
       4.8260026       0.11524388       0.88442847    0.00032765561
       4.8261026       0.10906394       0.89060607    0.00032998899
       4.8262026       0.10554240       0.89412626    0.00033133778
       4.8263026       0.10476559       0.89490278    0.00033162067
       4.8264026       0.10674384       0.89292523    0.00033093133
       4.8265027       0.11143752       0.88823325    0.00032923518
       4.8266027       0.11872634       0.88094708    0.00032657638
       4.8267027       0.12842877       0.87124821    0.00032302188
       4.8268027       0.14031241       0.85936894    0.00031865747
       4.8269027       0.15402403       0.84566240    0.00031356763
       4.8270027       0.16942470       0.83026740    0.00030789689
       4.8271027       0.18613464       0.81356362    0.00030173890
       4.8272027       0.20384699       0.79585780    0.00029520732
       4.8273027       0.22226556       0.77744603    0.00028841188
       4.8274027       0.24100594       0.75871261    0.00028145368
       4.8275028       0.26002866       0.73969691    0.00027443127
       4.8276028       0.27900331       0.72072927    0.00026742476
       4.8277028       0.29773429       0.70200521    0.00026050675
       4.8278028       0.31605556       0.68369070    0.00025373893
       4.8279028       0.33382944       0.66592339    0.00024717247
       4.8280028       0.35085006       0.64890909    0.00024084847
       4.8281028       0.36722306       0.63254214    0.00023479958
       4.8282028       0.38278299       0.61698796    0.00022905097
       4.8283028       0.39748079       0.60229559    0.00022362099
       4.8284028       0.41128246       0.58849902    0.00021852239
       4.8285029       0.42416643       0.57561981    0.00021376333
       4.8286029       0.43605627       0.56373439    0.00020934155
       4.8287029       0.44708310       0.55271163    0.00020527065
       4.8288029       0.45717904       0.54261941    0.00020154454
       4.8289029       0.46635061       0.53345123    0.00019816095
       4.8290029       0.47460729       0.52519759    0.00019511647
       4.8291029       0.48192145       0.51788616    0.00019239325
       4.8292029       0.48838823       0.51142176    0.00019001295
       4.8293029       0.49397593       0.50583611    0.00018795881
       4.8294029       0.49869636       0.50111741    0.00018622655
       4.8295030       0.50256032       0.49725486    0.00018481230
       4.8296030       0.50557721       0.49423908    0.00018371268
       4.8297030       0.50774476       0.49207234    0.00018290181
       4.8298030       0.50909336       0.49072422    0.00018242227
       4.8299030       0.50961204       0.49020570    0.00018225130
       4.8300030       0.50930236       0.49051525    0.00018238845
       4.8301030       0.50816367       0.49165349    0.00018283405
       4.8302030       0.50620660       0.49360984    0.00018355736
       4.8303030       0.50340410       0.49641128    0.00018462227
       4.8304030       0.49975804       0.50005595    0.00018600137
       4.8305031       0.49525985       0.50455246    0.00018769798
       4.8306031       0.48989943       0.50991085    0.00018971598
       4.8307031       0.48366563       0.51614231    0.00019205964
       4.8308031       0.47658929       0.52321602    0.00019468907
       4.8309031       0.46857837       0.53122393    0.00019769531
       4.8310031       0.45965935       0.54013961    0.00020104049
       4.8311031       0.44982265       0.54997262    0.00020472830
       4.8312031       0.43906140       0.56072984    0.00020876143
       4.8313031       0.42744125       0.57234566    0.00021308435
       4.8314031       0.41483280       0.58494939    0.00021780715
       4.8315032       0.40130923       0.59846790    0.00022287212
       4.8316032       0.38688968       0.61288205    0.00022827227
       4.8317032       0.37160496       0.62816105    0.00023399626
       4.8318032       0.35550005       0.64425992    0.00024002745
       4.8319032       0.33873407       0.66101966    0.00024627059
       4.8320032       0.32119797       0.67854919    0.00025283762
       4.8321032       0.30308907       0.69665131    0.00025961994
       4.8322032       0.28453680       0.71519663    0.00026656939
       4.8323032       0.26569796       0.73402841    0.00027362758
       4.8324032       0.24686497       0.75285439    0.00028064443
       4.8325033       0.22803754       0.77167476    0.00028770118
       4.8326033       0.20956499       0.79014038    0.00029462751
       4.8327033       0.19171484       0.80798384    0.00030132359
       4.8328033       0.17477458       0.82491774    0.00030768208
       4.8329033       0.15904443       0.84064198    0.00031359084
       4.8330033       0.14490337       0.85477776    0.00031886161
       4.8331033       0.13248468       0.86719179    0.00032353706
       4.8332033       0.12214787       0.87752469    0.00032743688
       4.8333033       0.11413369       0.88553584    0.00033047089
       4.8334033       0.10863637       0.89103106    0.00033256625
       4.8335034       0.10580146       0.89386492    0.00033361945
       4.8336034       0.10566813       0.89399816    0.00033371302
       4.8337034       0.10826281       0.89140441    0.00033278805
       4.8338034       0.11351848       0.88615066    0.00033086916
       4.8339034       0.12130250       0.87836949    0.00032800546
       4.8340034       0.13142438       0.86825135    0.00032426774
       4.8341034       0.14357209       0.85610818    0.00031972549
       4.8342034       0.15761223       0.84207325    0.00031452243
       4.8343034       0.17318771       0.82650354    0.00030874431
       4.8344034       0.18999557       0.80970192    0.00030250410
       4.8345035       0.20773543       0.79196866    0.00029591387
       4.8346035       0.22601398       0.77369694    0.00028907828
       4.8347035       0.24477117       0.75494673    0.00028210513
       4.8348035       0.26366068       0.73606424    0.00027508060
       4.8349035       0.28246614       0.71726577    0.00026808556
       4.8350035       0.30100018       0.69873863    0.00026119008
       4.8351035       0.31910424       0.68064131    0.00025445350
       4.8352035       0.33654991       0.66320217    0.00024792514
       4.8353035       0.35342993       0.64632843    0.00024164366
       4.8354035       0.36956040       0.63020396    0.00023564083
       4.8355036       0.38487811       0.61489195    0.00022994039
       4.8356036       0.39933697       0.60043847    0.00022455972
       4.8357036       0.41290526       0.58687522    0.00021951081
       4.8358036       0.42549417       0.57429103    0.00021479572
       4.8359036       0.43723631       0.56255327    0.00021042822
       4.8360036       0.44805453       0.55173906    0.00020640532
       4.8361036       0.45795145       0.54184583    0.00020272617
       4.8362036       0.46693372       0.53286689    0.00019938842
       4.8363036       0.47496769       0.52483593    0.00019637620
       4.8364036       0.48215573       0.51765056    0.00019370891
       4.8365037       0.48846156       0.51134707    0.00019137122
       4.8366037       0.49389713       0.50591351    0.00018935879
       4.8367037       0.49847384       0.50133849    0.00018766747
       4.8368037       0.50220206       0.49761165    0.00018629350
       4.8369037       0.50507675       0.49473803    0.00018521192
       4.8370037       0.50713792       0.49267762    0.00018446192
       4.8371037       0.50837215       0.49144383    0.00018402151
       4.8372037       0.50878285       0.49103326    0.00018388953
       4.8373037       0.50837127       0.49144466    0.00018406564
       4.8374037       0.50714578       0.49266970    0.00018451997
       4.8375038       0.50508952       0.49472517    0.00018531254
       4.8376038       0.50220207       0.49761151    0.00018641684
       4.8377038       0.49847654       0.50133563    0.00018783558
       4.8378038       0.49390434       0.50590609    0.00018957209
       4.8379038       0.48847551       0.51133286    0.00019163023
       4.8380038       0.48221711       0.51758892    0.00019397179
       4.8381038       0.47504659       0.52475673    0.00019668385
       4.8382038       0.46698558       0.53281469    0.00019973057
       4.8383038       0.45802345       0.54177344    0.00020311607
       4.8384038       0.44815121       0.55164194    0.00020684384
       4.8385039       0.43742625       0.56236289    0.00021086187
       4.8386039       0.42572455       0.57406017    0.00021527745
       4.8387039       0.41310792       0.58667204    0.00022003747
       4.8388039       0.39958718       0.60018769    0.00022513801
       4.8389039       0.38518252       0.61458691    0.00023057163
       4.8390039       0.36992584       0.62983783    0.00023632649
       4.8391039       0.35395616       0.64580152    0.00024231535
       4.8392039       0.33715452       0.66259682    0.00024865243
       4.8393039       0.31969196       0.68005280    0.00025523934
       4.8394039       0.30167334       0.69806463    0.00026203680
       4.8395040       0.28322838       0.71650262    0.00026899619
       4.8396040       0.26462001       0.73510402    0.00027597877
       4.8397040       0.24582052       0.75389640    0.00028307407
       4.8398040       0.22714829       0.77256159    0.00029012349
       4.8399040       0.20884367       0.79085929    0.00029703673
       4.8400040       0.19117116       0.80852512    0.00030371437
       4.8401040       0.17441450       0.82527545    0.00031004970
       4.8402040       0.15895329       0.84073085    0.00031585411
       4.8403040       0.14490843       0.85477040    0.00032117285
       4.8404040       0.13266132       0.86701286    0.00032581736
       4.8405041       0.12248083       0.87718949    0.00032968634
       4.8406041       0.11460211       0.88506519    0.00033269104
       4.8407041       0.10923777       0.89042752    0.00033470268
       4.8408041       0.10645914       0.89320507    0.00033579094
       4.8409041       0.10637345       0.89329069    0.00033586687
       4.8410041       0.10898208       0.89068299    0.00033492953
       4.8411041       0.11421834       0.88544865    0.00033300362
       4.8412041       0.12195140       0.87771846    0.00033013793
       4.8413041       0.13193112       0.86774250    0.00032637893
       4.8414041       0.14403839       0.85563974    0.00032186630
       4.8415042       0.15795543       0.84172790    0.00031667148
       4.8416042       0.17339339       0.82629571    0.00031090287
       4.8417042       0.19005451       0.80964082    0.00030467233
       4.8418042       0.20754181       0.79216011    0.00029808594
       4.8419042       0.22577146       0.77393728    0.00029126243
       4.8420042       0.24438137       0.75533434    0.00028429391
       4.8421042       0.26313046       0.73659227    0.00027727108
       4.8422042       0.28180474       0.71792498    0.00027027451
       4.8423042       0.30021857       0.69951806    0.00026337411
       4.8424042       0.31811416       0.68162921    0.00025662991
       4.8425043       0.33556505       0.66418486    0.00025008947
       4.8426043       0.35236246       0.64739375    0.00024379342
       4.8427043       0.36842308       0.63133915    0.00023777323
       4.8428043       0.38368333       0.61608461    0.00023205298
       4.8429043       0.39809661       0.60167674    0.00022665035
       4.8430043       0.41155650       0.58822193    0.00022157354
       4.8431043       0.42419561       0.57558756    0.00021683746
       4.8432043       0.43592367       0.56386389    0.00021244348
       4.8433043       0.44673695       0.55305466    0.00020839316
       4.8434043       0.45663739       0.54315792    0.00020468589
       4.8435044       0.46558271       0.53421599    0.00020130869
       4.8436044       0.47368357       0.52611816    0.00019827854
       4.8437044       0.48089718       0.51890724    0.00019558214
       4.8438044       0.48723506       0.51257172    0.00019321529
       4.8439044       0.49270887       0.50709996    0.00019117370
       4.8440044       0.49732975       0.50248080    0.00018945331
       4.8441044       0.50108888       0.49872309    0.00018803043
       4.8442044       0.50403790       0.49577516    0.00018694012
       4.8443044       0.50616032       0.49365352    0.00018616139
       4.8444044       0.50746156       0.49235275    0.00018569231
       4.8445045       0.50794509       0.49186937    0.00018553168
       4.8446045       0.50761650       0.49219785    0.00018565075
       4.8447045       0.50647140       0.49334249    0.00018610477
       4.8448045       0.50450662       0.49530651    0.00018686830
       4.8449045       0.50171744       0.49809462    0.00018794324
       4.8450045       0.49809729       0.50171338    0.00018933218
       4.8451045       0.49363796       0.50617100    0.00019103834
       4.8452045       0.48836229       0.51144468    0.00019302541
       4.8453045       0.48219974       0.51760489    0.00019537545
       4.8454045       0.47516673       0.52463521    0.00019805485
       4.8455046       0.46725213       0.53254680    0.00020106793
       4.8456046       0.45844558       0.54135000    0.00020441875
       4.8457046       0.44879560       0.55099634    0.00020805913
       4.8458046       0.43818626       0.56160165    0.00021209237
       4.8459046       0.42666752       0.57311601    0.00021647028
       4.8460046       0.41424238       0.58553643    0.00022119186
       4.8461046       0.40092081       0.59885293    0.00022625349
       4.8462046       0.38672182       0.61304653    0.00023164810
       4.8463046       0.37176306       0.62799964    0.00023729720
       4.8464046       0.35591775       0.64383894    0.00024331629
       4.8465047       0.33932858       0.66042180    0.00024961821
       4.8466047       0.32207435       0.67766948    0.00025617329
       4.8467047       0.30425541       0.69548164    0.00026294366
       4.8468047       0.28610056       0.71362964    0.00026980408
       4.8469047       0.26755275       0.73217040    0.00027685279
       4.8470047       0.24889210       0.75082396    0.00028394608
       4.8471047       0.23032430       0.76938469    0.00029100615
       4.8472047       0.21208193       0.78762013    0.00029794501
       4.8473047       0.19442175       0.80527358    0.00030466543
       4.8474047       0.17771243       0.82197659    0.00031098310
       4.8475048       0.16205149       0.83763156    0.00031694955
       4.8476048       0.14783034       0.85184728    0.00032237267
       4.8477048       0.13533612       0.86433674    0.00032714357
       4.8478048       0.12483767       0.87483117    0.00033116018
       4.8479048       0.11661336       0.88305237    0.00033426877
       4.8480048       0.11076390       0.88889957    0.00033652662
       4.8481048       0.10748514       0.89217705    0.00033781162
       4.8482048       0.10685812       0.89280379    0.00033809269
       4.8483048       0.10889784       0.89076480    0.00033736372
       4.8484048       0.11355236       0.88611200    0.00033564401
       4.8485049       0.12065883       0.87900822    0.00033294701
       4.8486049       0.13012597       0.86954463    0.00032940312
       4.8487049       0.14170004       0.85797490    0.00032505991
       4.8488049       0.15512459       0.84455539    0.00032001424
       4.8489049       0.17011942       0.82956621    0.00031437203
       4.8490049       0.18629767       0.81339409    0.00030823545
       4.8491049       0.20355282       0.79614545    0.00030173413
       4.8492049       0.22151339       0.77819164    0.00029496360
       4.8493049       0.23991352       0.75979845    0.00028802458
       4.8494049       0.25850973       0.74120926    0.00028100932
       4.8495050       0.27708441       0.72264159    0.00027400032
       4.8496050       0.29534443       0.70438850    0.00026707047
       4.8497050       0.31333611       0.68640361    0.00026027983
       4.8498050       0.33081901       0.66892731    0.00025368036
       4.8499050       0.34768241       0.65207028    0.00024731414
       4.8500050       0.36383827       0.63592051    0.00024121467
       4.8501050       0.37921862       0.62054597    0.00023540785
       4.8502050       0.39369282       0.60607727    0.00022991043
       4.8503050       0.40739001       0.59238525    0.00022474017
       4.8504050       0.42020165       0.57957844    0.00021990465
       4.8505051       0.43211396       0.56767063    0.00021540923
       4.8506051       0.44312103       0.55666772    0.00021125629
       4.8507051       0.45316833       0.54662424    0.00020743696
       4.8508051       0.46237501       0.53742103    0.00020396605
       4.8509051       0.47068908       0.52911008    0.00020083317
       4.8510051       0.47812044       0.52168153    0.00019803470
       4.8511051       0.48468007       0.51512437    0.00019556658
       4.8512051       0.49037931       0.50942726    0.00019342464
       4.8513051       0.49520414       0.50460427    0.00019158692
       4.8514051       0.49921974       0.50059018    0.00019008383
       4.8515052       0.50240532       0.49740578    0.00018889569
       4.8516052       0.50476850       0.49504348    0.00018801974
       4.8517052       0.50631515       0.49349740    0.00018745387
       4.8518052       0.50704737       0.49276546    0.00018717061
       4.8519052       0.50697558       0.49283721    0.00018721967
       4.8520052       0.50609325       0.49371917    0.00018757683
       4.8521052       0.50439837       0.49541339    0.00018824297
       4.8522052       0.50188693       0.49792385    0.00018921972
       4.8523052       0.49855309       0.50125640    0.00019050944
       4.8524052       0.49441526       0.50539267    0.00019207779
       4.8525053       0.48941740       0.51038859    0.00019400082
       4.8526053       0.48357070       0.51623305    0.00019624717
       4.8527053       0.47686442       0.52293675    0.00019882106
       4.8528053       0.46928769       0.53051058    0.00020172675
       4.8529053       0.46088053       0.53891455    0.00020491986
       4.8530053       0.45153806       0.54825344    0.00020849845
       4.8531053       0.44129880       0.55848878    0.00021241920
       4.8532053       0.43015928       0.56962404    0.00021668356
       4.8533053       0.41812074       0.58165797    0.00022129118
       4.8534053       0.40519080       0.59458296    0.00022623929
       4.8535054       0.39146591       0.60830263    0.00023145829
       4.8536054       0.37681541       0.62294753    0.00023706332
       4.8537054       0.36135352       0.63840350    0.00024297872
       4.8538054       0.34513369       0.65461713    0.00024918429
       4.8539054       0.32822693       0.67151742    0.00025565308
       4.8540054       0.31082522       0.68891250    0.00026227467
       4.8541054       0.29284351       0.70688734    0.00026915539
       4.8542054       0.27451806       0.72520577    0.00027616888
       4.8543054       0.25601415       0.74370259    0.00028325222
       4.8544054       0.23752423       0.76218544    0.00029033212
       4.8545055       0.21926753       0.78043514    0.00029732504
       4.8546055       0.20158720       0.79810874    0.00030405684
       4.8547055       0.18454537       0.81514404    0.00031058953
       4.8548055       0.16852498       0.83115829    0.00031673467
       4.8549055       0.15381414       0.84586348    0.00032238229
       4.8550055       0.14069892       0.85897366    0.00032742314
       4.8551055       0.12951032       0.87015800    0.00033168351
       4.8552055       0.12036713       0.87929765    0.00033521184
       4.8553055       0.11354952       0.88611262    0.00033785434
       4.8554055       0.10922008       0.89044037    0.00033954865
       4.8555056       0.10748429       0.89217545    0.00034025415
       4.8556056       0.10838457       0.89127547    0.00033995426
       4.8557056       0.11187070       0.88779068    0.00033861954
       4.8558056       0.11789540       0.88176823    0.00033636438
       4.8559056       0.12630007       0.87336673    0.00033320051
       4.8560056       0.13688747       0.86278333    0.00032920284
       4.8561056       0.14941985       0.85025569    0.00032446178
       4.8562056       0.16354604       0.83613490    0.00031906564
       4.8563056       0.17914527       0.82054158    0.00031315199
       4.8564056       0.19585333       0.80383986    0.00030681344
       4.8565057       0.21338691       0.78631293    0.00030015799
       4.8566057       0.23147598       0.76823073    0.00029328864
       4.8567057       0.24987010       0.74984360    0.00028630093
       4.8568057       0.26823819       0.73148253    0.00027928157
       4.8569057       0.28659039       0.71313730    0.00027230711
       4.8570057       0.30464886       0.69508570    0.00026544299
       4.8571057       0.32226723       0.67747402    0.00025874514
       4.8572057       0.33932453       0.66042321    0.00025225988
       4.8573057       0.35563214       0.64412183    0.00024602438
       4.8574057       0.37129973       0.62846020    0.00024006765
       4.8575058       0.38617392       0.61359166    0.00023441253
       4.8576058       0.40021203       0.59955889    0.00022907546
       4.8577058       0.41338461       0.58639132    0.00022406782
       4.8578058       0.42567308       0.57410753    0.00021939685
       4.8579058       0.43700548       0.56277946    0.00021505964
       4.8580058       0.44750819       0.55228074    0.00021106968
       4.8581058       0.45711620       0.54267638    0.00020742076
       4.8582058       0.46583553       0.53396035    0.00020411074
       4.8583058       0.47367478       0.52612409    0.00020113646
       4.8584058       0.48064410       0.51915741    0.00019849414
