;   
;  IMD Data
;   
;  Saved on Sat Nov  3 22:16:26 2018
;   
;  Structure: 
;   
;  c-ZnS layer (1), z=0.65 um
;  Si layer (2), z=465.00 um
;   
;  delta(lambda)=0.002 um
;   
;  Theta=0.000 deg
;   
;  Lambda [um] 	R 	T 	A
       4.8000000       0.46010233       0.53970283    0.00019483347
       4.8001000       0.45810908       0.54169535    0.00019556556
       4.8002000       0.45594522       0.54385842    0.00019635986
       4.8003000       0.45360629       0.54619649    0.00019721795
       4.8004000       0.45108862       0.54871324    0.00019814121
       4.8005001       0.44838915       0.55141172    0.00019913073
       4.8006001       0.44550563       0.55429418    0.00020018733
       4.8007001       0.44243669       0.55736200    0.00020131151
       4.8008001       0.43918194       0.56061556    0.00020250341
       4.8009001       0.43574197       0.56405427    0.00020376277
       4.8010001       0.43211869       0.56767622    0.00020508893
       4.8011001       0.42831520       0.57147832    0.00020648076
       4.8012001       0.42433589       0.57545617    0.00020793668
       4.8013001       0.42018652       0.57960402    0.00020945458
       4.8014001       0.41587423       0.58391474    0.00021103185
       4.8015002       0.41140774       0.58837960    0.00021266536
       4.8016002       0.40679719       0.59298846    0.00021435141
       4.8017002       0.40205422       0.59772969    0.00021608579
       4.8018002       0.39719196       0.60259018    0.00021786374
       4.8019002       0.39222496       0.60755536    0.00021967996
       4.8020002       0.38716917       0.61260930    0.00022152867
       4.8021002       0.38204197       0.61773462    0.00022340356
       4.8022002       0.37686196       0.62291274    0.00022529790
       4.8023002       0.37164892       0.62812387    0.00022720451
       4.8024002       0.36642371       0.63334718    0.00022911583
       4.8025003       0.36120806       0.63856091    0.00023102393
       4.8026003       0.35602461       0.64374247    0.00023292064
       4.8027003       0.35089658       0.64886863    0.00023479753
       4.8028003       0.34584766       0.65391569    0.00023664601
       4.8029003       0.34090188       0.65885967    0.00023845735
       4.8030003       0.33608333       0.66367645    0.00024022281
       4.8031003       0.33141605       0.66834202    0.00024193366
       4.8032003       0.32692380       0.67283262    0.00024358128
       4.8033003       0.32262984       0.67712501    0.00024515724
       4.8034003       0.31855674       0.68119661    0.00024665334
       4.8035004       0.31472618       0.68502575    0.00024806171
       4.8036004       0.31115877       0.68859185    0.00024937485
       4.8037004       0.30787378       0.69187564    0.00025058578
       4.8038004       0.30488900       0.69485931    0.00025168804
       4.8039004       0.30222060       0.69752673    0.00025267576
       4.8040004       0.29988287       0.69986359    0.00025354374
       4.8041004       0.29788813       0.70185758    0.00025428751
       4.8042004       0.29624662       0.70349848    0.00025490331
       4.8043004       0.29496623       0.70477838    0.00025538831
       4.8044004       0.29405254       0.70569172    0.00025574045
       4.8045005       0.29350866       0.70623538    0.00025595862
       4.8046005       0.29333521       0.70640875    0.00025604256
       4.8047005       0.29353029       0.70621372    0.00025599294
       4.8048005       0.29408931       0.70565488    0.00025581144
       4.8049005       0.29500516       0.70473934    0.00025550062
       4.8050005       0.29626817       0.70347677    0.00025506399
       4.8051005       0.29786615       0.70187934    0.00025450596
       4.8052005       0.29977845       0.69996772    0.00025383400
       4.8053005       0.30198963       0.69775732    0.00025305366
       4.8054005       0.30448177       0.69526606    0.00025217150
       4.8055006       0.30723473       0.69251408    0.00025119482
       4.8056006       0.31022637       0.68952350    0.00025013164
       4.8057006       0.31343272       0.68631829    0.00024899066
       4.8058006       0.31682828       0.68292394    0.00024778111
       4.8059006       0.32038601       0.67936747    0.00024651283
       4.8060006       0.32407782       0.67567698    0.00024519605
       4.8061006       0.32787473       0.67188143    0.00024384126
       4.8062006       0.33174715       0.66801040    0.00024245920
       4.8063006       0.33566511       0.66409383    0.00024106077
       4.8064006       0.33959860       0.66016174    0.00023965682
       4.8065007       0.34351761       0.65624413    0.00023825831
       4.8066007       0.34739254       0.65237058    0.00023687595
       4.8067007       0.35119439       0.64857009    0.00023552031
       4.8068007       0.35489489       0.64487091    0.00023420163
       4.8069007       0.35846673       0.64130034    0.00023292981
       4.8070007       0.36188373       0.63788455    0.00023171439
       4.8071007       0.36512095       0.63464848    0.00023056445
       4.8072007       0.36815495       0.63161556    0.00022948850
       4.8073007       0.37096380       0.62880770    0.00022849449
       4.8074007       0.37352728       0.62624513    0.00022758980
       4.8075008       0.37582686       0.62394636    0.00022678110
       4.8076008       0.37784606       0.62192787    0.00022607446
       4.8077008       0.37957043       0.62020410    0.00022547510
       4.8078008       0.38098761       0.61878741    0.00022498751
       4.8079008       0.38208742       0.61768797    0.00022461541
       4.8080008       0.38286187       0.61691376    0.00022436166
       4.8081008       0.38330548       0.61647029    0.00022422830
       4.8082008       0.38341494       0.61636084    0.00022421655
       4.8083008       0.38318953       0.61658614    0.00022432665
       4.8084008       0.38263082       0.61714462    0.00022455804
       4.8085009       0.38174276       0.61803233    0.00022490926
       4.8086009       0.38053160       0.61924302    0.00022537803
       4.8087009       0.37900593       0.62076811    0.00022596127
       4.8088009       0.37717670       0.62259664    0.00022665496
       4.8089009       0.37505695       0.62471559    0.00022745437
       4.8090009       0.37266179       0.62710986    0.00022835398
       4.8091009       0.37000830       0.62976235    0.00022934758
       4.8092009       0.36711541       0.63265416    0.00023042824
       4.8093009       0.36400386       0.63576456    0.00023158848
       4.8094009       0.36069607       0.63907111    0.00023282009
       4.8095010       0.35721593       0.64254996    0.00023411435
       4.8096010       0.35358870       0.64617584    0.00023546208
       4.8097010       0.34984084       0.64992231    0.00023685359
       4.8098010       0.34599994       0.65376178    0.00023827890
       4.8099010       0.34209446       0.65766582    0.00023972760
       4.8100010       0.33815355       0.66160526    0.00024118905
       4.8101010       0.33420689       0.66555046    0.00024265243
       4.8102010       0.33028443       0.66947147    0.00024410684
       4.8103010       0.32641619       0.67333827    0.00024554130
       4.8104010       0.32263208       0.67712098    0.00024694497
       4.8105011       0.31896141       0.68079028    0.00024830711
       4.8106011       0.31543290       0.68431749    0.00024961726
       4.8107011       0.31207428       0.68767486    0.00025086530
       4.8108011       0.30891213       0.69083583    0.00025204151
       4.8109011       0.30597154       0.69377533    0.00025313677
       4.8110011       0.30327603       0.69646983    0.00025414251
       4.8111011       0.30084706       0.69889789    0.00025505089
       4.8112011       0.29870411       0.70104004    0.00025585480
       4.8113011       0.29686437       0.70287908    0.00025654795
       4.8114011       0.29534269       0.70440018    0.00025712492
       4.8115012       0.29415136       0.70559106    0.00025758126
       4.8116012       0.29329988       0.70644221    0.00025791347
       4.8117012       0.29279511       0.70694677    0.00025811905
       4.8118012       0.29264112       0.70710069    0.00025819653
       4.8119012       0.29283918       0.70690267    0.00025814540
       4.8120012       0.29338763       0.70635440    0.00025796630
       4.8121012       0.29428206       0.70546028    0.00025766087
       4.8122012       0.29551518       0.70422759    0.00025723174
       4.8123012       0.29707702       0.70266630    0.00025668256
       4.8124012       0.29895498       0.70078900    0.00025601793
       4.8125013       0.30113403       0.69861073    0.00025524332
       4.8126013       0.30359659       0.69614904    0.00025436520
       4.8127013       0.30632291       0.69342370    0.00025339078
       4.8128013       0.30929117       0.69045650    0.00025232801
       4.8129013       0.31247773       0.68727108    0.00025118556
       4.8130013       0.31585740       0.68389263    0.00024997260
       4.8131013       0.31940340       0.68034790    0.00024869896
       4.8132013       0.32308788       0.67666475    0.00024737483
       4.8133013       0.32688204       0.67287194    0.00024601073
       4.8134013       0.33075647       0.66899891    0.00024461743
       4.8135014       0.33468131       0.66507548    0.00024320584
       4.8136014       0.33862662       0.66113160    0.00024178688
       4.8137014       0.34256240       0.65719723    0.00024037158
       4.8138014       0.34645908       0.65330194    0.00023897074
       4.8139014       0.35028759       0.64947481    0.00023759500
       4.8140014       0.35401959       0.64574416    0.00023625473
       4.8141014       0.35762765       0.64213739    0.00023495993
       4.8142014       0.36108546       0.63868082    0.00023372027
       4.8143014       0.36436789       0.63539956    0.00023254497
       4.8144014       0.36745131       0.63231724    0.00023144265
       4.8145015       0.37031357       0.62945601    0.00023042143
       4.8146015       0.37293417       0.62683634    0.00022948882
       4.8147015       0.37529433       0.62447702    0.00022865165
       4.8148015       0.37737721       0.62239487    0.00022791615
       4.8149015       0.37916804       0.62060467    0.00022728770
       4.8150015       0.38065408       0.61911915    0.00022677099
       4.8151015       0.38182474       0.61794889    0.00022636988
       4.8152015       0.38267159       0.61710232    0.00022608743
       4.8153015       0.38318866       0.61658541    0.00022592587
       4.8154015       0.38337217       0.61640194    0.00022588661
       4.8155016       0.38322088       0.61655315    0.00022597008
       4.8156016       0.38273581       0.61703801    0.00022617589
       4.8157016       0.38192037       0.61785312    0.00022650282
       4.8158016       0.38078023       0.61899282    0.00022694874
       4.8159016       0.37932343       0.62044906    0.00022751078
       4.8160016       0.37756035       0.62221147    0.00022818508
       4.8161016       0.37550344       0.62426759    0.00022896710
       4.8162016       0.37316726       0.62660289    0.00022985148
       4.8163016       0.37056836       0.62920081    0.00023083215
       4.8164016       0.36772512       0.63204297    0.00023190235
       4.8165017       0.36465779       0.63510915    0.00023305472
       4.8166017       0.36138831       0.63837741    0.00023428114
       4.8167017       0.35794012       0.64182430    0.00023557303
       4.8168017       0.35433807       0.64542501    0.00023692126
       4.8169017       0.35060822       0.64915346    0.00023831624
       4.8170017       0.34677785       0.65298240    0.00023974802
       4.8171017       0.34287512       0.65688368    0.00024120622
       4.8172017       0.33892894       0.66082838    0.00024268022
       4.8173017       0.33496881       0.66478703    0.00024415918
       4.8174017       0.33102455       0.66872981    0.00024563217
       4.8175018       0.32712612       0.67262679    0.00024708814
       4.8176018       0.32330343       0.67644805    0.00024851618
       4.8177018       0.31958588       0.68016422    0.00024990545
       4.8178018       0.31600230       0.68374645    0.00025124534
       4.8179018       0.31258068       0.68716679    0.00025252559
       4.8180018       0.30934788       0.69039839    0.00025373630
       4.8181018       0.30632943       0.69341570    0.00025486813
       4.8182018       0.30354915       0.69619494    0.00025591231
       4.8183018       0.30102909       0.69871405    0.00025686072
       4.8184018       0.29878930       0.70095299    0.00025770600
       4.8185019       0.29684765       0.70289391    0.00025844159
       4.8186019       0.29521968       0.70452126    0.00025906174
       4.8187019       0.29391844       0.70582200    0.00025956170
       4.8188019       0.29295425       0.70678581    0.00025993765
       4.8189019       0.29233484       0.70740497    0.00026018675
       4.8190019       0.29206515       0.70767455    0.00026030719
       4.8191019       0.29214738       0.70759233    0.00026029812
       4.8192019       0.29258080       0.70715904    0.00026015984
       4.8193019       0.29336196       0.70637815    0.00025989364
       4.8194019       0.29448452       0.70525598    0.00025950184
       4.8195020       0.29593947       0.70380155    0.00025898775
       4.8196020       0.29771513       0.70202651    0.00025835566
       4.8197020       0.29979739       0.69994500    0.00025761075
       4.8198020       0.30216955       0.69757369    0.00025675922
       4.8199020       0.30481267       0.69493152    0.00025580800
       4.8200020       0.30770573       0.69203950    0.00025476485
       4.8201020       0.31082581       0.68892055    0.00025363822
       4.8202020       0.31414836       0.68559921    0.00025243710
       4.8203020       0.31764715       0.68210168    0.00025117118
       4.8204020       0.32129483       0.67845532    0.00024985058
       4.8205021       0.32506299       0.67468852    0.00024848572
       4.8206021       0.32892251       0.67083041    0.00024708735
       4.8207021       0.33284373       0.66691061    0.00024566640
       4.8208021       0.33679681       0.66295895    0.00024423381
       4.8209021       0.34075179       0.65900541    0.00024280070
       4.8210021       0.34467900       0.65507962    0.00024137798
       4.8211021       0.34854921       0.65121082    0.00023997641
       4.8212021       0.35233383       0.64742756    0.00023860655
       4.8213021       0.35600516       0.64375756    0.00023727856
       4.8214021       0.35953647       0.64022753    0.00023600234
       4.8215022       0.36290220       0.63686301    0.00023478733
       4.8216022       0.36607822       0.63368813    0.00023364241
       4.8217022       0.36904182       0.63072560    0.00023257595
       4.8218022       0.37177189       0.62799652    0.00023159576
       4.8219022       0.37424898       0.62552031    0.00023070895
       4.8220022       0.37645554       0.62331454    0.00022992207
       4.8221022       0.37837602       0.62139474    0.00022924083
       4.8222022       0.37999685       0.61977448    0.00022867024
       4.8223022       0.38130658       0.61846521    0.00022821452
       4.8224022       0.38229586       0.61747627    0.00022787710
       4.8225023       0.38295777       0.61681457    0.00022766057
       4.8226023       0.38328754       0.61648489    0.00022756670
       4.8227023       0.38328291       0.61648949    0.00022759632
       4.8228023       0.38294386       0.61682839    0.00022774942
       4.8229023       0.38227276       0.61749922    0.00022802515
       4.8230023       0.38127420       0.61849738    0.00022842177
       4.8231023       0.37995516       0.61981590    0.00022893676
       4.8232023       0.37832498       0.62144545    0.00022956665
       4.8233023       0.37639509       0.62337460    0.00023030721
       4.8234023       0.37417904       0.62558981    0.00023115344
       4.8235024       0.37169239       0.62807551    0.00023209959
       4.8236024       0.36895261       0.63081425    0.00023313918
       4.8237024       0.36597903       0.63378670    0.00023426511
       4.8238024       0.36279277       0.63697176    0.00023546956
       4.8239024       0.35941647       0.64034679    0.00023674414
       4.8240024       0.35587425       0.64388767    0.00023807995
       4.8241024       0.35219154       0.64756899    0.00023946755
       4.8242024       0.34839500       0.65136410    0.00024089714
       4.8243024       0.34451231       0.65524533    0.00024235844
       4.8244024       0.34057196       0.65918420    0.00024384093
       4.8245025       0.33660313       0.66315154    0.00024533380
       4.8246025       0.33263543       0.66711774    0.00024682611
       4.8247025       0.32869871       0.67105298    0.00024830678
       4.8248025       0.32482290       0.67492734    0.00024976480
       4.8249025       0.32103752       0.67871129    0.00025118921
       4.8250025       0.31737170       0.68237573    0.00025256923
       4.8251025       0.31385380       0.68589231    0.00025389437
       4.8252025       0.31051118       0.68923366    0.00025515447
       4.8253025       0.30737006       0.69237360    0.00025633988
       4.8254025       0.30445499       0.69528757    0.00025744148
       4.8255026       0.30178892       0.69795263    0.00025845078
       4.8256026       0.29939291       0.70034773    0.00025935998
       4.8257026       0.29728591       0.70245393    0.00026016205
       4.8258026       0.29548466       0.70425449    0.00026085078
       4.8259026       0.29400350       0.70573508    0.00026142091
       4.8260026       0.29285411       0.70688402    0.00026186808
       4.8261026       0.29204562       0.70769219    0.00026218890
       4.8262026       0.29158446       0.70815316    0.00026238100
       4.8263026       0.29147432       0.70826323    0.00026244298
       4.8264026       0.29171603       0.70802159    0.00026237456
       4.8265027       0.29230768       0.70743014    0.00026217647
       4.8266027       0.29324449       0.70649366    0.00026185046
       4.8267027       0.29451896       0.70521964    0.00026139931
       4.8268027       0.29612095       0.70361823    0.00026082677
       4.8269027       0.29803778       0.70170209    0.00026013753
       4.8270027       0.30025417       0.69948649    0.00025933729
       4.8271027       0.30275253       0.69698904    0.00025843256
       4.8272027       0.30551308       0.69422949    0.00025743067
       4.8273027       0.30851405       0.69122961    0.00025633970
       4.8274027       0.31173191       0.68801292    0.00025516835
       4.8275028       0.31514139       0.68460469    0.00025392603
       4.8276028       0.31871588       0.68103150    0.00025262262
       4.8277028       0.32242765       0.67732108    0.00025126840
       4.8278028       0.32624805       0.67350208    0.00024987401
       4.8279028       0.33014778       0.66960377    0.00024845032
       4.8280028       0.33409722       0.66565578    0.00024700828
       4.8281028       0.33806643       0.66168801    0.00024555907
       4.8282028       0.34202566       0.65773022    0.00024411371
       4.8283028       0.34594547       0.65381185    0.00024268313
       4.8284028       0.34979692       0.64996180    0.00024127808
       4.8285029       0.35355183       0.64620826    0.00023990899
       4.8286029       0.35718291       0.64257851    0.00023858603
       4.8287029       0.36066393       0.63909875    0.00023731896
       4.8288029       0.36396997       0.63579391    0.00023611701
       4.8289029       0.36707749       0.63268752    0.00023498893
       4.8290029       0.36996443       0.62980163    0.00023394293
       4.8291029       0.37261033       0.62715668    0.00023298656
       4.8292029       0.37499656       0.62477131    0.00023212681
       4.8293029       0.37710639       0.62266224    0.00023136986
       4.8294029       0.37892502       0.62084426    0.00023072123
       4.8295030       0.38043968       0.61933013    0.00023018567
       4.8296030       0.38163969       0.61813055    0.00022976710
       4.8297030       0.38251668       0.61725385    0.00022946868
       4.8298030       0.38306444       0.61670627    0.00022929274
       4.8299030       0.38327918       0.61649158    0.00022924068
       4.8300030       0.38315938       0.61661131    0.00022931304
       4.8301030       0.38270582       0.61706467    0.00022950956
       4.8302030       0.38192158       0.61784860    0.00022982905
       4.8303030       0.38081207       0.61895766    0.00023026956
       4.8304030       0.37938509       0.62038408    0.00023082816
       4.8305031       0.37765058       0.62211792    0.00023150116
       4.8306031       0.37562060       0.62414712    0.00023228406
       4.8307031       0.37330930       0.62645753    0.00023317160
       4.8308031       0.37073277       0.62903307    0.00023415776
       4.8309031       0.36790904       0.63185573    0.00023523591
       4.8310031       0.36485798       0.63490562    0.00023639859
       4.8311031       0.36160108       0.63816128    0.00023763781
       4.8312031       0.35816139       0.64159966    0.00023894498
       4.8313031       0.35456333       0.64519635    0.00024031099
       4.8314031       0.35083271       0.64892557    0.00024172628
       4.8315032       0.34699640       0.65276041    0.00024318080
       4.8316032       0.34308229       0.65667305    0.00024466416
       4.8317032       0.33911901       0.66063482    0.00024616570
       4.8318032       0.33513583       0.66461650    0.00024767452
       4.8319032       0.33116235       0.66858847    0.00024917955
       4.8320032       0.32722847       0.67252086    0.00025066972
       4.8321032       0.32336383       0.67638403    0.00025213393
       4.8322032       0.31959786       0.68014858    0.00025356122
       4.8323032       0.31595939       0.68378567    0.00025494084
       4.8324032       0.31247646       0.68726727    0.00025626232
       4.8325033       0.30917612       0.69056637    0.00025751563
       4.8326033       0.30608392       0.69365738    0.00025869119
       4.8327033       0.30322403       0.69651619    0.00025978001
       4.8328033       0.30061881       0.69912041    0.00026077374
       4.8329033       0.29828873       0.70144960    0.00026166475
       4.8330033       0.29625214       0.70348542    0.00026244617
       4.8331033       0.29452512       0.70521177    0.00026311205
       4.8332033       0.29312121       0.70661513    0.00026365730
       4.8333033       0.29205150       0.70768443    0.00026407780
       4.8334033       0.29132441       0.70841122    0.00026437039
       4.8335034       0.29094573       0.70878974    0.00026453290
       4.8336034       0.29091840       0.70881704    0.00026456424
       4.8337034       0.29124265       0.70849288    0.00026446436
       4.8338034       0.29191585       0.70781991    0.00026423421
       4.8339034       0.29293265       0.70680348    0.00026387579
       4.8340034       0.29428497       0.70545163    0.00026339211
       4.8341034       0.29596221       0.70377500    0.00026278711
       4.8342034       0.29795106       0.70178688    0.00026206581
       4.8343034       0.30023579       0.69950297    0.00026123405
       4.8344034       0.30279842       0.69694128    0.00026029856
       4.8345035       0.30561882       0.69412192    0.00025926686
       4.8346035       0.30867497       0.69106688    0.00025814714
       4.8347035       0.31194293       0.68780012    0.00025694837
       4.8348035       0.31539730       0.68434702    0.00025568008
       4.8349035       0.31901129       0.68073435    0.00025435225
       4.8350035       0.32275708       0.67698995    0.00025297529
       4.8351035       0.32660594       0.67314250    0.00025155994
       4.8352035       0.33052865       0.66922123    0.00025011707
       4.8353035       0.33449547       0.66525587    0.00024865788
       4.8354035       0.33847663       0.66127618    0.00024719346
       4.8355036       0.34244248       0.65731178    0.00024573491
       4.8356036       0.34636373       0.65339197    0.00024429318
       4.8357036       0.35021166       0.64954546    0.00024287898
       4.8358036       0.35395827       0.64580023    0.00024150282
       4.8359036       0.35757649       0.64218333    0.00024017484
       4.8360036       0.36104044       0.63872065    0.00023890470
       4.8361036       0.36432546       0.63543683    0.00023770164
       4.8362036       0.36740831       0.63235511    0.00023657436
       4.8363036       0.37026722       0.62949725    0.00023553095
       4.8364036       0.37288212       0.62688330    0.00023457900
       4.8365037       0.37523478       0.62453149    0.00023372529
       4.8366037       0.37730878       0.62245824    0.00023297599
       4.8367037       0.37908968       0.62067799    0.00023233650
       4.8368037       0.38056499       0.61920320    0.00023181147
       4.8369037       0.38172452       0.61804408    0.00023140473
       4.8370037       0.38256013       0.61720875    0.00023111937
       4.8371037       0.38306608       0.61670296    0.00023095752
       4.8372037       0.38323884       0.61653024    0.00023092050
       4.8373037       0.38307716       0.61669183    0.00023100878
       4.8374037       0.38258206       0.61718672    0.00023122195
       4.8375038       0.38175693       0.61801152    0.00023155881
       4.8376038       0.38060752       0.61916046    0.00023201716
       4.8377038       0.37914178       0.62062562    0.00023259403
       4.8378038       0.37736982       0.62239690    0.00023328564
       4.8379038       0.37530388       0.62446204    0.00023408739
       4.8380038       0.37295820       0.62680681    0.00023499392
       4.8381038       0.37034904       0.62941496    0.00023599921
       4.8382038       0.36749462       0.63226828    0.00023709637
       4.8383038       0.36441484       0.63534689    0.00023827795
       4.8384038       0.36113125       0.63862921    0.00023953586
       4.8385039       0.35766693       0.64209221    0.00024086143
       4.8386039       0.35404640       0.64571135    0.00024224551
       4.8387039       0.35029548       0.64946084    0.00024367838
       4.8388039       0.34644107       0.65331378    0.00024514995
       4.8389039       0.34251101       0.65724234    0.00024664977
       4.8390039       0.33853395       0.66121789    0.00024816709
       4.8391039       0.33453907       0.66521124    0.00024969094
       4.8392039       0.33055603       0.66919276    0.00025121023
       4.8393039       0.32661450       0.67313278    0.00025271381
       4.8394039       0.32274411       0.67700170    0.00025419053
       4.8395040       0.31897415       0.68077022    0.00025562942
       4.8396040       0.31533335       0.68440963    0.00025701965
       4.8397040       0.31184966       0.68789199    0.00025835079
       4.8398040       0.30854982       0.69119057    0.00025961276
       4.8399040       0.30545932       0.69427988    0.00026079597
       4.8400040       0.30260215       0.69713596    0.00026189144
       4.8401040       0.30000053       0.69973658    0.00026289081
       4.8402040       0.29767478       0.70206143    0.00026378642
       4.8403040       0.29564312       0.70409231    0.00026457148
       4.8404040       0.29392135       0.70581341    0.00026524001
       4.8405041       0.29252298       0.70721123    0.00026578694
       4.8406041       0.29145895       0.70827484    0.00026620816
       4.8407041       0.29073766       0.70899584    0.00026650050
       4.8408041       0.29036470       0.70936863    0.00026666185
       4.8409041       0.29034305       0.70939026    0.00026669114
       4.8410041       0.29067278       0.70906063    0.00026658830
       4.8411041       0.29135129       0.70838235    0.00026635431
       4.8412041       0.29237322       0.70736079    0.00026599120
       4.8413041       0.29373059       0.70600391    0.00026550193
       4.8414041       0.29541271       0.70432240    0.00026489058
       4.8415042       0.29740632       0.70232951    0.00026416209
       4.8416042       0.29969581       0.70004086    0.00026332235
       4.8417042       0.30226327       0.69747435    0.00026237811
       4.8418042       0.30508873       0.69464993    0.00026133683
       4.8419042       0.30815014       0.69158965    0.00026020686
       4.8420042       0.31142375       0.68831725    0.00025899714
       4.8421042       0.31488423       0.68485806    0.00025771719
       4.8422042       0.31850494       0.68123868    0.00025637704
       4.8423042       0.32225815       0.67748686    0.00025498714
       4.8424042       0.32611535       0.67363109    0.00025355817
       4.8425043       0.33004724       0.66970065    0.00025210124
       4.8426043       0.33402427       0.66572510    0.00025062743
       4.8427043       0.33801674       0.66173411    0.00024914796
       4.8428043       0.34199508       0.65775725    0.00024767394
       4.8429043       0.34593008       0.65382371    0.00024621635
       4.8430043       0.34979300       0.64996221    0.00024478605
       4.8431043       0.35355589       0.64620071    0.00024339359
       4.8432043       0.35719177       0.64256618    0.00024204911
       4.8433043       0.36067472       0.63908451    0.00024076239
       4.8434043       0.36398011       0.63578035    0.00023954271
       4.8435044       0.36708463       0.63267697    0.00023839881
       4.8436044       0.36996652       0.62979614    0.00023733896
       4.8437044       0.37260575       0.62715787    0.00023637068
       4.8438044       0.37498399       0.62478051    0.00023550090
       4.8439044       0.37708475       0.62268051    0.00023473581
       4.8440044       0.37889342       0.62087250    0.00023408091
       4.8441044       0.38039758       0.61936887    0.00023354091
       4.8442044       0.38158678       0.61818010    0.00023311978
       4.8443044       0.38245287       0.61731431    0.00023282057
       4.8444044       0.38298987       0.61677749    0.00023264553
       4.8445045       0.38319406       0.61657334    0.00023259609
       4.8446045       0.38306392       0.61670341    0.00023267277
       4.8447045       0.38260031       0.61716682    0.00023287532
       4.8448045       0.38180646       0.61796033    0.00023320249
       4.8449045       0.38068781       0.61907854    0.00023365223
       4.8450045       0.37925200       0.62051378    0.00023422166
       4.8451045       0.37750886       0.62225623    0.00023490707
       4.8452045       0.37547030       0.62429400    0.00023570394
       4.8453045       0.37315030       0.62661309    0.00023660705
       4.8454045       0.37056492       0.62919747    0.00023761029
       4.8455046       0.36773201       0.63202929    0.00023870695
       4.8456046       0.36467117       0.63508894    0.00023988960
       4.8457046       0.36140364       0.63835521    0.00024115020
       4.8458046       0.35795228       0.64180524    0.00024248017
       4.8459046       0.35434138       0.64541475    0.00024387031
       4.8460046       0.35059648       0.64915821    0.00024531095
       4.8461046       0.34674427       0.65300894    0.00024679203
       4.8462046       0.34281239       0.65693930    0.00024830308
       4.8463046       0.33882929       0.66092087    0.00024983333
       4.8464046       0.33482410       0.66492453    0.00025137184
       4.8465047       0.33082623       0.66892086    0.00025290744
       4.8466047       0.32686532       0.67288025    0.00025442893
       4.8467047       0.32297094       0.67677314    0.00025592513
       4.8468047       0.31917236       0.68057025    0.00025738495
       4.8469047       0.31549841       0.68424279    0.00025879754
       4.8470047       0.31197695       0.68776289    0.00026015233
       4.8471047       0.30863490       0.69110366    0.00026143914
       4.8472047       0.30549791       0.69423944    0.00026264827
       4.8473047       0.30259014       0.69714609    0.00026377057
       4.8474047       0.29993409       0.69980111    0.00026479751
       4.8475048       0.29755038       0.70218390    0.00026572134
       4.8476048       0.29545742       0.70427605    0.00026653506
       4.8477048       0.29367147       0.70606129    0.00026723251
       4.8478048       0.29220643       0.70752576    0.00026780844
       4.8479048       0.29107375       0.70865799    0.00026825848
       4.8480048       0.29028220       0.70944923    0.00026857934
       4.8481048       0.28983799       0.70989324    0.00026876869
       4.8482048       0.28974451       0.70998667    0.00026882522
       4.8483048       0.29000246       0.70972879    0.00026874866
       4.8484048       0.29060981       0.70912165    0.00026853977
       4.8485049       0.29156185       0.70816995    0.00026820033
       4.8486049       0.29285113       0.70688114    0.00026773318
       4.8487049       0.29446752       0.70526533    0.00026714216
       4.8488049       0.29639842       0.70333515    0.00026643202
       4.8489049       0.29862878       0.70110561    0.00026560848
       4.8490049       0.30114136       0.69859397    0.00026467804
       4.8491049       0.30391657       0.69581978    0.00026364813
       4.8492049       0.30693297       0.69280450    0.00026252693
       4.8493049       0.31016726       0.68957142    0.00026132323
       4.8494049       0.31359456       0.68614539    0.00026004646
       4.8495050       0.31718863       0.68255266    0.00025870658
       4.8496050       0.32092216       0.67882053    0.00025731391
       4.8497050       0.32476674       0.67497738    0.00025587927
       4.8498050       0.32869340       0.67105219    0.00025441363
       4.8499050       0.33267272       0.66707435    0.00025292815
       4.8500050       0.33667511       0.66307346    0.00025143405
       4.8501050       0.34067107       0.65907899    0.00024994249
       4.8502050       0.34463128       0.65512026    0.00024846462
       4.8503050       0.34852693       0.65122606    0.00024701139
       4.8504050       0.35232998       0.64742442    0.00024559344
       4.8505051       0.35601323       0.64374255    0.00024422107
       4.8506051       0.35955052       0.64020657    0.00024290422
       4.8507051       0.36291692       0.63684143    0.00024165232
       4.8508051       0.36608879       0.63367073    0.00024047439
       4.8509051       0.36904410       0.63071653    0.00023937878
       4.8510051       0.37176234       0.62799929    0.00023837327
       4.8511051       0.37422475       0.62553778    0.00023746499
       4.8512051       0.37641430       0.62334904    0.00023666037
       4.8513051       0.37831600       0.62144803    0.00023596513
       4.8514051       0.37991675       0.61984786    0.00023538430
       4.8515052       0.38120565       0.61855943    0.00023492197
       4.8516052       0.38217386       0.61759156    0.00023458152
       4.8517052       0.38281475       0.61695088    0.00023436545
       4.8518052       0.38312384       0.61664188    0.00023427546
       4.8519052       0.38309898       0.61666671    0.00023431241
       4.8520052       0.38274040       0.61702512    0.00023447618
       4.8521052       0.38205051       0.61771473    0.00023476588
       4.8522052       0.38103398       0.61873084    0.00023517972
       4.8523052       0.37969763       0.62006665    0.00023571509
       4.8524052       0.37805062       0.62171301    0.00023636853
       4.8525053       0.37610408       0.62365879    0.00023713585
       4.8526053       0.37387136       0.62589063    0.00023801194
       4.8527053       0.37136771       0.62839330    0.00023899100
       4.8528053       0.36861028       0.63114966    0.00024006650
       4.8529053       0.36561795       0.63414082    0.00024123125
       4.8530053       0.36241139       0.63734613    0.00024247744
       4.8531053       0.35901287       0.64074333    0.00024379656
       4.8532053       0.35544609       0.64430873    0.00024517959
       4.8533053       0.35173605       0.64801733    0.00024661702
       4.8534053       0.34790900       0.65184290    0.00024809886
       4.8535054       0.34399213       0.65575825    0.00024961474
       4.8536054       0.34001364       0.65973521    0.00025115398
       4.8537054       0.33600227       0.66374502    0.00025270561
       4.8538054       0.33198729       0.66775846    0.00025425848
       4.8539054       0.32799819       0.67174601    0.00025580136
       4.8540054       0.32406452       0.67567816    0.00025732298
       4.8541054       0.32021568       0.67952550    0.00025881219
       4.8542054       0.31648049       0.68325925    0.00026025800
       4.8543054       0.31288712       0.68685123    0.00026164966
       4.8544054       0.30946282       0.69027420    0.00026297680
       4.8545055       0.30623368       0.69350209    0.00026422948
       4.8546055       0.30322439       0.69651021    0.00026539827
       4.8547055       0.30045810       0.69927542    0.00026647439
       4.8548055       0.29795599       0.70177656    0.00026744976
       4.8549055       0.29573732       0.70399436    0.00026831701
       4.8550055       0.29381922       0.70591171    0.00026906964
       4.8551055       0.29221654       0.70751376    0.00026970194
       4.8552055       0.29094163       0.70878816    0.00027020924
       4.8553055       0.29000441       0.70972501    0.00027058778
       4.8554055       0.28941205       0.71031712    0.00027083479
       4.8555056       0.28916912       0.71055993    0.00027094852
       4.8556056       0.28927749       0.71045158    0.00027092827
       4.8557056       0.28973635       0.70999288    0.00027077433
       4.8558056       0.29054211       0.70918740    0.00027048809
       4.8559056       0.29168845       0.70804148    0.00027007195
       4.8560056       0.29316647       0.70656400    0.00026952930
       4.8561056       0.29496472       0.70476642    0.00026886451
       4.8562056       0.29706934       0.70266258    0.00026808284
       4.8563056       0.29946400       0.70026881    0.00026719055
       4.8564056       0.30213025       0.69760356    0.00026619470
       4.8565057       0.30504753       0.69468736    0.00026510311
       4.8566057       0.30819346       0.69154262    0.00026392433
       4.8567057       0.31154395       0.68819338    0.00026266755
       4.8568057       0.31507354       0.68466512    0.00026134247
       4.8569057       0.31875535       0.68098469    0.00025995940
       4.8570057       0.32256156       0.67717991    0.00025852893
       4.8571057       0.32646357       0.67327937    0.00025706201
       4.8572057       0.33043221       0.66931222    0.00025556975
       4.8573057       0.33443812       0.66530782    0.00025406336
       4.8574057       0.33845170       0.66129574    0.00025255416
       4.8575058       0.34244361       0.65730534    0.00025105340
       4.8576058       0.34638489       0.65336554    0.00024957211
       4.8577058       0.35024718       0.64950470    0.00024812114
       4.8578058       0.35400292       0.64575037    0.00024671101
       4.8579058       0.35762549       0.64212916    0.00024535186
       4.8580058       0.36108938       0.63866657    0.00024405351
       4.8581058       0.36437042       0.63538675    0.00024282516
       4.8582058       0.36744585       0.63231248    0.00024167553
       4.8583058       0.37029442       0.62946497    0.00024061273
