;   
;  IMD Data
;   
;  Saved on Sat Nov  3 20:50:40 2018
;   
;  Structure: 
;   
;  c-ZnS layer (1), z=0.65 um
;  Si layer (2), z=465.00 um
;   
;  delta(lambda)=0.005 um
;   
;  Theta=0.000 deg
;   
;  Lambda [um] 	R 	T 	A
       4.8000000       0.41846176       0.58132807    0.00021016646
       4.8001000       0.41725204       0.58253734    0.00021061573
       4.8002000       0.41603925       0.58374969    0.00021106631
       4.8003000       0.41482434       0.58496414    0.00021151783
       4.8004000       0.41360823       0.58617980    0.00021196997
       4.8005001       0.41239172       0.58739586    0.00021242242
       4.8006001       0.41117561       0.58861151    0.00021287491
       4.8007001       0.40996064       0.58982604    0.00021332716
       4.8008001       0.40874746       0.59103876    0.00021377895
       4.8009001       0.40753673       0.59224904    0.00021423002
       4.8010001       0.40632903       0.59345629    0.00021468017
       4.8011001       0.40512491       0.59465996    0.00021512920
       4.8012001       0.40392495       0.59585948    0.00021557689
       4.8013001       0.40272967       0.59705431    0.00021602306
       4.8014001       0.40153958       0.59824395    0.00021646753
       4.8015002       0.40035519       0.59942790    0.00021691011
       4.8016002       0.39917697       0.60060568    0.00021735062
       4.8017002       0.39800539       0.60177682    0.00021778890
       4.8018002       0.39684092       0.60294085    0.00021822478
       4.8019002       0.39568403       0.60409731    0.00021865809
       4.8020002       0.39453516       0.60524575    0.00021908866
       4.8021002       0.39339474       0.60638574    0.00021951634
       4.8022002       0.39226320       0.60751686    0.00021994098
       4.8023002       0.39114096       0.60863868    0.00022036241
       4.8024002       0.39002842       0.60975080    0.00022078051
       4.8025003       0.38892597       0.61085284    0.00022119511
       4.8026003       0.38783398       0.61194441    0.00022160610
       4.8027003       0.38675280       0.61302518    0.00022201335
       4.8028003       0.38568278       0.61409481    0.00022241671
       4.8029003       0.38462422       0.61515297    0.00022281609
       4.8030003       0.38357742       0.61619937    0.00022321137
       4.8031003       0.38254264       0.61723376    0.00022360247
       4.8032003       0.38152013       0.61825588    0.00022398929
       4.8033003       0.38051010       0.61926553    0.00022437175
       4.8034003       0.37951274       0.62026251    0.00022474979
       4.8035004       0.37852818       0.62124670    0.00022512335
       4.8036004       0.37755655       0.62221796    0.00022549239
       4.8037004       0.37659792       0.62317622    0.00022585689
       4.8038004       0.37565234       0.62412144    0.00022621683
       4.8039004       0.37471983       0.62505360    0.00022657219
       4.8040004       0.37380034       0.62597274    0.00022692299
       4.8041004       0.37289379       0.62687894    0.00022726928
       4.8042004       0.37200008       0.62777231    0.00022761108
       4.8043004       0.37111903       0.62865302    0.00022794845
       4.8044004       0.37025049       0.62952123    0.00022828145
       4.8045005       0.36939421       0.63037718    0.00022861018
       4.8046005       0.36854991       0.63122116    0.00022893474
       4.8047005       0.36771730       0.63205345    0.00022925522
       4.8048005       0.36689606       0.63287437    0.00022957176
       4.8049005       0.36608584       0.63368428    0.00022988448
       4.8050005       0.36528633       0.63448347    0.00023019347
       4.8051005       0.36449715       0.63527235    0.00023049889
       4.8052005       0.36371793       0.63605127    0.00023080088
       4.8053005       0.36294835       0.63682055    0.00023109955
       4.8054005       0.36218812       0.63758048    0.00023139500
       4.8055006       0.36143702       0.63833130    0.00023168731
       4.8056006       0.36069482       0.63907321    0.00023197656
       4.8057006       0.35996140       0.63980633    0.00023226280
       4.8058006       0.35923674       0.64053071    0.00023254604
       4.8059006       0.35852089       0.64124628    0.00023282625
       4.8060006       0.35781402       0.64195288    0.00023310338
       4.8061006       0.35711641       0.64265021    0.00023337730
       4.8062006       0.35642842       0.64333793    0.00023364789
       4.8063006       0.35575050       0.64401558    0.00023391499
       4.8064006       0.35508321       0.64468261    0.00023417838
       4.8065007       0.35442715       0.64533841    0.00023443784
       4.8066007       0.35378298       0.64598233    0.00023469312
       4.8067007       0.35315138       0.64661368    0.00023494396
       4.8068007       0.35253304       0.64723177    0.00023519012
       4.8069007       0.35192863       0.64783594    0.00023543135
       4.8070007       0.35133878       0.64842556    0.00023566742
       4.8071007       0.35076404       0.64900006    0.00023589810
       4.8072007       0.35020489       0.64955898    0.00023612322
       4.8073007       0.34966179       0.65010187    0.00023634261
       4.8074007       0.34913506       0.65062839    0.00023655615
       4.8075008       0.34862495       0.65113829    0.00023676374
       4.8076008       0.34813164       0.65163140    0.00023696532
       4.8077008       0.34765517       0.65210767    0.00023716084
       4.8078008       0.34719560       0.65256705    0.00023735031
       4.8079008       0.34675288       0.65300959    0.00023753373
       4.8080008       0.34632689       0.65343539    0.00023771114
       4.8081008       0.34591749       0.65384462    0.00023788259
       4.8082008       0.34552448       0.65423748    0.00023804816
       4.8083008       0.34514757       0.65461422    0.00023820792
       4.8084008       0.34478655       0.65497509    0.00023836197
       4.8085009       0.34444111       0.65532038    0.00023851042
       4.8086009       0.34411097       0.65565038    0.00023865337
       4.8087009       0.34379578       0.65596543    0.00023879093
       4.8088009       0.34349522       0.65626585    0.00023892323
       4.8089009       0.34320894       0.65655201    0.00023905038
       4.8090009       0.34293659       0.65682424    0.00023917251
       4.8091009       0.34267784       0.65708287    0.00023928975
       4.8092009       0.34243233       0.65732827    0.00023940221
       4.8093009       0.34219970       0.65756079    0.00023951004
       4.8094009       0.34197959       0.65778080    0.00023961335
       4.8095010       0.34177164       0.65798865    0.00023971228
       4.8096010       0.34157550       0.65818469    0.00023980696
       4.8097010       0.34139081       0.65836930    0.00023989751
       4.8098010       0.34121719       0.65854283    0.00023998407
       4.8099010       0.34105429       0.65870565    0.00024006676
       4.8100010       0.34090172       0.65885813    0.00024014573
       4.8101010       0.34075912       0.65900066    0.00024022110
       4.8102010       0.34062610       0.65913361    0.00024029302
       4.8103010       0.34050227       0.65925737    0.00024036164
       4.8104010       0.34038723       0.65937234    0.00024042708
       4.8105011       0.34028058       0.65947893    0.00024048949
       4.8106011       0.34018190       0.65957755    0.00024054904
       4.8107011       0.34009076       0.65966863    0.00024060587
       4.8108011       0.34000672       0.65975262    0.00024066016
       4.8109011       0.33992931       0.65982998    0.00024071206
       4.8110011       0.33985806       0.65990118    0.00024076175
       4.8111011       0.33979250       0.65996669    0.00024080939
       4.8112011       0.33973210       0.66002705    0.00024085518
       4.8113011       0.33967634       0.66008276    0.00024089932
       4.8114011       0.33962467       0.66013439    0.00024094201
       4.8115012       0.33957653       0.66018248    0.00024098345
       4.8116012       0.33953137       0.66022761    0.00024102383
       4.8117012       0.33948856       0.66027038    0.00024106339
       4.8118012       0.33944750       0.66031140    0.00024110236
       4.8119012       0.33940756       0.66035130    0.00024114096
       4.8120012       0.33936812       0.66039070    0.00024117942
       4.8121012       0.33932855       0.66043023    0.00024121798
       4.8122012       0.33928826       0.66047048    0.00024125684
       4.8123012       0.33924662       0.66051208    0.00024129624
       4.8124012       0.33920303       0.66055563    0.00024133641
       4.8125013       0.33915695       0.66060167    0.00024137754
       4.8126013       0.33910787       0.66065071    0.00024141982
       4.8127013       0.33905266       0.66070587    0.00024146436
       4.8128013       0.33899136       0.66076713    0.00024151116
       4.8129013       0.33892411       0.66083433    0.00024156019
       4.8130013       0.33885109       0.66090730    0.00024161137
       4.8131013       0.33877258       0.66098576    0.00024166461
       4.8132013       0.33868896       0.66106932    0.00024171976
       4.8133013       0.33860073       0.66115750    0.00024177662
       4.8134013       0.33850843       0.66124973    0.00024183501
       4.8135014       0.33841275       0.66134535    0.00024189470
       4.8136014       0.33831444       0.66144360    0.00024195539
       4.8137014       0.33821433       0.66154365    0.00024201678
       4.8138014       0.33811332       0.66164460    0.00024207851
       4.8139014       0.33801235       0.66174551    0.00024214027
       4.8140014       0.33791235       0.66184545    0.00024220171
       4.8141014       0.33781428       0.66194345    0.00024226247
       4.8142014       0.33771908       0.66203860    0.00024232221
       4.8143014       0.33762762       0.66213000    0.00024238060
       4.8144014       0.33754070       0.66221686    0.00024243733
       4.8145015       0.33745911       0.66229840    0.00024249212
       4.8146015       0.33738352       0.66237394    0.00024254474
       4.8147015       0.33731454       0.66244286    0.00024259494
       4.8148015       0.33725271       0.66250464    0.00024264253
       4.8149015       0.33719844       0.66255887    0.00024268735
       4.8150015       0.33715213       0.66260514    0.00024272925
       4.8151015       0.33711406       0.66264318    0.00024276815
       4.8152015       0.33708448       0.66267272    0.00024280394
       4.8153015       0.33706357       0.66269360    0.00024283655
       4.8154015       0.33705144       0.66270570    0.00024286595
       4.8155016       0.33704811       0.66270900    0.00024289211
       4.8156016       0.33705361       0.66270348    0.00024291503
       4.8157016       0.33706785       0.66268922    0.00024293476
       4.8158016       0.33709074       0.66266631    0.00024295131
       4.8159016       0.33712210       0.66263493    0.00024296476
       4.8160016       0.33716169       0.66259533    0.00024297518
       4.8161016       0.33720917       0.66254784    0.00024298269
       4.8162016       0.33726413       0.66249288    0.00024298747
       4.8163016       0.33732612       0.66243089    0.00024298966
       4.8164016       0.33739460       0.66236241    0.00024298946
       4.8165017       0.33746892       0.66228810    0.00024298710
       4.8166017       0.33754832       0.66220869    0.00024298285
       4.8167017       0.33763204       0.66212498    0.00024297699
       4.8168017       0.33771917       0.66203786    0.00024296988
       4.8169017       0.33780881       0.66194823    0.00024296182
       4.8170017       0.33790000       0.66185705    0.00024295316
       4.8171017       0.33799175       0.66176530    0.00024294426
       4.8172017       0.33808310       0.66167396    0.00024293546
       4.8173017       0.33817310       0.66158397    0.00024292713
       4.8174017       0.33826087       0.66149621    0.00024291958
       4.8175018       0.33834559       0.66141150    0.00024291311
       4.8176018       0.33842651       0.66133058    0.00024290799
       4.8177018       0.33850302       0.66125407    0.00024290442
       4.8178018       0.33857459       0.66118251    0.00024290263
       4.8179018       0.33864083       0.66111627    0.00024290277
       4.8180018       0.33870140       0.66105570    0.00024290494
       4.8181018       0.33875607       0.66100102    0.00024290923
       4.8182018       0.33880472       0.66095237    0.00024291570
       4.8183018       0.33884729       0.66090978    0.00024292435
       4.8184018       0.33888378       0.66087329    0.00024293521
       4.8185019       0.33891424       0.66084281    0.00024294826
       4.8186019       0.33893870       0.66081833    0.00024296349
       4.8187019       0.33895725       0.66079976    0.00024298087
       4.8188019       0.33896999       0.66078701    0.00024300036
       4.8189019       0.33897697       0.66078001    0.00024302195
       4.8190019       0.33897828       0.66077867    0.00024304564
       4.8191019       0.33897393       0.66078300    0.00024307140
       4.8192019       0.33896393       0.66079297    0.00024309924
       4.8193019       0.33894829       0.66080858    0.00024312916
       4.8194019       0.33892701       0.66082983    0.00024316116
       4.8195020       0.33890001       0.66085679    0.00024319528
       4.8196020       0.33886728       0.66088949    0.00024323154
       4.8197020       0.33882874       0.66092799    0.00024326996
       4.8198020       0.33878434       0.66097235    0.00024331057
       4.8199020       0.33873410       0.66102254    0.00024335335
       4.8200020       0.33867802       0.66107859    0.00024339832
       4.8201020       0.33861615       0.66114041    0.00024344546
       4.8202020       0.33854862       0.66120789    0.00024349473
       4.8203020       0.33847563       0.66128083    0.00024354606
       4.8204020       0.33839747       0.66135893    0.00024359934
       4.8205021       0.33831455       0.66144180    0.00024365440
       4.8206021       0.33822732       0.66152897    0.00024371109
       4.8207021       0.33813637       0.66161986    0.00024376921
       4.8208021       0.33804237       0.66171380    0.00024382849
       4.8209021       0.33794609       0.66181003    0.00024388866
       4.8210021       0.33784835       0.66190770    0.00024394939
       4.8211021       0.33775004       0.66200595    0.00024401036
       4.8212021       0.33765209       0.66210384    0.00024407125
       4.8213021       0.33755542       0.66220045    0.00024413170
       4.8214021       0.33746097       0.66229484    0.00024419135
       4.8215022       0.33736965       0.66238610    0.00024424987
       4.8216022       0.33728228       0.66247341    0.00024430693
       4.8217022       0.33719970       0.66255594    0.00024436225
       4.8218022       0.33712261       0.66263297    0.00024441557
       4.8219022       0.33705170       0.66270383    0.00024446662
       4.8220022       0.33698754       0.66276794    0.00024451519
       4.8221022       0.33693060       0.66282484    0.00024456109
       4.8222022       0.33688133       0.66287406    0.00024460416
       4.8223022       0.33684007       0.66291529    0.00024464429
       4.8224022       0.33680710       0.66294822    0.00024468136
       4.8225023       0.33678265       0.66297264    0.00024471530
       4.8226023       0.33676685       0.66298841    0.00024474604
       4.8227023       0.33675975       0.66299547    0.00024477355
       4.8228023       0.33676142       0.66299378    0.00024479783
       4.8229023       0.33677178       0.66298340    0.00024481890
       4.8230023       0.33679077       0.66296439    0.00024483679
       4.8231023       0.33681822       0.66293692    0.00024485155
       4.8232023       0.33685391       0.66290123    0.00024486327
       4.8233023       0.33689750       0.66285763    0.00024487204
       4.8234023       0.33694860       0.66280652    0.00024487805
       4.8235024       0.33700680       0.66274832    0.00024488143
       4.8236024       0.33707154       0.66268357    0.00024488238
       4.8237024       0.33714221       0.66261291    0.00024488112
       4.8238024       0.33721807       0.66253705    0.00024487792
       4.8239024       0.33729836       0.66245676    0.00024487306
       4.8240024       0.33738221       0.66237293    0.00024486688
       4.8241024       0.33746872       0.66228642    0.00024485969
       4.8242024       0.33755696       0.66219818    0.00024485183
       4.8243024       0.33764597       0.66210919    0.00024484365
       4.8244024       0.33773477       0.66202039    0.00024483550
       4.8245025       0.33782246       0.66193271    0.00024482774
       4.8246025       0.33790815       0.66184703    0.00024482068
       4.8247025       0.33799102       0.66176416    0.00024481461
       4.8248025       0.33807036       0.66168483    0.00024480981
       4.8249025       0.33814554       0.66160965    0.00024480649
       4.8250025       0.33821604       0.66153916    0.00024480485
       4.8251025       0.33828146       0.66147373    0.00024480506
       4.8252025       0.33834147       0.66141372    0.00024480723
       4.8253025       0.33839586       0.66135933    0.00024481143
       4.8254025       0.33844449       0.66131069    0.00024481772
       4.8255026       0.33848732       0.66126785    0.00024482611
       4.8256026       0.33852438       0.66123079    0.00024483662
       4.8257026       0.33855567       0.66119948    0.00024484922
       4.8258026       0.33858126       0.66117387    0.00024486391
       4.8259026       0.33860126       0.66115386    0.00024488064
       4.8260026       0.33861578       0.66113932    0.00024489938
       4.8261026       0.33862488       0.66113020    0.00024492010
       4.8262026       0.33862868       0.66112638    0.00024494279
       4.8263026       0.33862719       0.66112784    0.00024496744
       4.8264026       0.33862045       0.66113455    0.00024499402
       4.8265027       0.33860847       0.66114651    0.00024502256
       4.8266027       0.33859125       0.66116369    0.00024505303
       4.8267027       0.33856874       0.66118618    0.00024508548
       4.8268027       0.33854089       0.66121399    0.00024511994
       4.8269027       0.33850761       0.66124724    0.00024515643
       4.8270027       0.33846883       0.66128597    0.00024519498
       4.8271027       0.33842455       0.66133021    0.00024523559
       4.8272027       0.33837469       0.66138003    0.00024527831
       4.8273027       0.33831926       0.66143541    0.00024532314
       4.8274027       0.33825831       0.66149632    0.00024537006
       4.8275028       0.33819194       0.66156264    0.00024541902
       4.8276028       0.33812036       0.66163417    0.00024546997
       4.8277028       0.33804386       0.66171061    0.00024552278
       4.8278028       0.33796279       0.66179163    0.00024557732
       4.8279028       0.33787762       0.66187674    0.00024563344
       4.8280028       0.33778892       0.66196539    0.00024569092
       4.8281028       0.33769734       0.66205692    0.00024574952
       4.8282028       0.33760363       0.66215056    0.00024580892
       4.8283028       0.33750861       0.66224552    0.00024586885
       4.8284028       0.33741315       0.66234092    0.00024592900
       4.8285029       0.33731814       0.66243587    0.00024598900
       4.8286029       0.33722452       0.66252943    0.00024604852
       4.8287029       0.33713319       0.66262070    0.00024610722
       4.8288029       0.33704503       0.66270880    0.00024616475
       4.8289029       0.33696090       0.66279288    0.00024622080
       4.8290029       0.33688157       0.66287216    0.00024627510
       4.8291029       0.33680778       0.66294589    0.00024632735
       4.8292029       0.33674018       0.66301344    0.00024637731
       4.8293029       0.33667930       0.66307427    0.00024642477
       4.8294029       0.33662568       0.66312785    0.00024646954
       4.8295030       0.33657970       0.66317379    0.00024651149
       4.8296030       0.33654173       0.66321172    0.00024655046
       4.8297030       0.33651203       0.66324139    0.00024658636
       4.8298030       0.33649079       0.66326259    0.00024661912
       4.8299030       0.33647813       0.66327522    0.00024664867
       4.8300030       0.33647413       0.66327919    0.00024667500
       4.8301030       0.33647877       0.66327453    0.00024669814
       4.8302030       0.33649202       0.66326126    0.00024671806
       4.8303030       0.33651374       0.66323952    0.00024673484
       4.8304030       0.33654375       0.66320951    0.00024674852
       4.8305031       0.33658173       0.66317151    0.00024675922
       4.8306031       0.33662735       0.66312588    0.00024676709
       4.8307031       0.33668020       0.66307302    0.00024677225
       4.8308031       0.33673979       0.66301344    0.00024677490
       4.8309031       0.33680551       0.66294771    0.00024677525
       4.8310031       0.33687668       0.66287655    0.00024677355
       4.8311031       0.33695256       0.66280067    0.00024677007
       4.8312031       0.33703232       0.66272092    0.00024676515
       4.8313031       0.33711509       0.66263815    0.00024675907
       4.8314031       0.33719997       0.66255328    0.00024675219
       4.8315032       0.33728599       0.66246726    0.00024674484
       4.8316032       0.33737223       0.66238104    0.00024673737
       4.8317032       0.33745775       0.66229552    0.00024673014
       4.8318032       0.33754168       0.66221160    0.00024672347
       4.8319032       0.33762320       0.66213008    0.00024671764
       4.8320032       0.33770157       0.66205172    0.00024671295
       4.8321032       0.33777615       0.66197714    0.00024670961
       4.8322032       0.33784639       0.66190690    0.00024670784
       4.8323032       0.33791189       0.66184140    0.00024670781
       4.8324032       0.33797229       0.66178100    0.00024670963
       4.8325033       0.33802735       0.66172594    0.00024671339
       4.8326033       0.33807693       0.66167635    0.00024671916
       4.8327033       0.33812097       0.66163231    0.00024672694
       4.8328033       0.33815949       0.66159378    0.00024673675
       4.8329033       0.33819250       0.66156075    0.00024674859
       4.8330033       0.33822008       0.66153315    0.00024676241
       4.8331033       0.33824234       0.66151088    0.00024677820
       4.8332033       0.33825940       0.66149380    0.00024679589
       4.8333033       0.33827135       0.66148183    0.00024681547
       4.8334033       0.33827832       0.66147484    0.00024683690
       4.8335034       0.33828035       0.66147279    0.00024686017
       4.8336034       0.33827750       0.66147561    0.00024688525
       4.8337034       0.33826979       0.66148329    0.00024691215
       4.8338034       0.33825725       0.66149580    0.00024694085
       4.8339034       0.33823983       0.66151320    0.00024697137
       4.8340034       0.33821749       0.66153551    0.00024700376
       4.8341034       0.33819014       0.66156282    0.00024703804
       4.8342034       0.33815770       0.66159522    0.00024707424
       4.8343034       0.33812013       0.66163276    0.00024711237
       4.8344034       0.33807731       0.66167554    0.00024715250
       4.8345035       0.33802920       0.66172360    0.00024719464
       4.8346035       0.33797578       0.66177698    0.00024723881
       4.8347035       0.33791706       0.66183565    0.00024728499
       4.8348035       0.33785314       0.66189952    0.00024733316
       4.8349035       0.33778422       0.66196840    0.00024738323
       4.8350035       0.33771050       0.66204206    0.00024743514
       4.8351035       0.33763234       0.66212018    0.00024748877
       4.8352035       0.33755015       0.66220231    0.00024754394
       4.8353035       0.33746447       0.66228793    0.00024760047
       4.8354035       0.33737594       0.66237640    0.00024765809
       4.8355036       0.33728527       0.66246701    0.00024771655
       4.8356036       0.33719323       0.66255899    0.00024777558
       4.8357036       0.33710067       0.66265149    0.00024783483
       4.8358036       0.33700848       0.66274362    0.00024789399
       4.8359036       0.33691756       0.66283448    0.00024795270
       4.8360036       0.33682880       0.66292319    0.00024801061
       4.8361036       0.33674309       0.66300884    0.00024806741
       4.8362036       0.33666126       0.66309062    0.00024812278
       4.8363036       0.33658411       0.66316771    0.00024817642
       4.8364036       0.33651237       0.66323940    0.00024822806
       4.8365037       0.33644667       0.66330505    0.00024827743
       4.8366037       0.33638762       0.66336406    0.00024832432
       4.8367037       0.33633568       0.66341595    0.00024836856
       4.8368037       0.33629131       0.66346028    0.00024840998
       4.8369037       0.33625486       0.66349670    0.00024844844
       4.8370037       0.33622659       0.66352493    0.00024848384
       4.8371037       0.33620666       0.66354482    0.00024851610
       4.8372037       0.33619525       0.66355620    0.00024854517
       4.8373037       0.33619238       0.66355905    0.00024857106
       4.8374037       0.33619808       0.66355333    0.00024859373
       4.8375038       0.33621226       0.66353913    0.00024861322
       4.8376038       0.33623479       0.66351658    0.00024862959
       4.8377038       0.33626541       0.66348594    0.00024864290
       4.8378038       0.33630383       0.66344751    0.00024865330
       4.8379038       0.33634971       0.66340163    0.00024866089
       4.8380038       0.33640259       0.66334874    0.00024866585
       4.8381038       0.33646194       0.66328939    0.00024866837
       4.8382038       0.33652711       0.66322422    0.00024866869
       4.8383038       0.33659742       0.66315391    0.00024866706
       4.8384038       0.33667208       0.66307926    0.00024866379
       4.8385039       0.33675028       0.66300106    0.00024865917
       4.8386039       0.33683113       0.66292022    0.00024865353
       4.8387039       0.33691371       0.66283764    0.00024864721
       4.8388039       0.33699709       0.66275427    0.00024864055
       4.8389039       0.33708035       0.66267101    0.00024863391
       4.8390039       0.33716261       0.66258877    0.00024862761
       4.8391039       0.33724302       0.66250836    0.00024862195
       4.8392039       0.33732081       0.66243057    0.00024861723
       4.8393039       0.33739532       0.66235607    0.00024861370
       4.8394039       0.33746594       0.66228545    0.00024861157
       4.8395040       0.33753222       0.66221917    0.00024861104
       4.8396040       0.33759377       0.66215761    0.00024861224
       4.8397040       0.33765031       0.66210107    0.00024861527
       4.8398040       0.33770166       0.66204972    0.00024862020
       4.8399040       0.33774772       0.66200365    0.00024862707
       4.8400040       0.33778851       0.66196286    0.00024863590
       4.8401040       0.33782401       0.66192735    0.00024864667
       4.8402040       0.33785430       0.66189704    0.00024865936
       4.8403040       0.33787949       0.66187184    0.00024867394
       4.8404040       0.33789971       0.66185160    0.00024869035
       4.8405041       0.33791507       0.66183622    0.00024870856
       4.8406041       0.33792572       0.66182555    0.00024872853
       4.8407041       0.33793174       0.66181951    0.00024875024
       4.8408041       0.33793319       0.66181803    0.00024877365
       4.8409041       0.33793015       0.66182106    0.00024879875
       4.8410041       0.33792265       0.66182852    0.00024882551
       4.8411041       0.33791068       0.66184047    0.00024885395
       4.8412041       0.33789421       0.66185690    0.00024888411
       4.8413041       0.33787318       0.66187791    0.00024891600
       4.8414041       0.33784749       0.66190356    0.00024894965
       4.8415042       0.33781710       0.66193392    0.00024898509
       4.8416042       0.33778186       0.66196912    0.00024902238
       4.8417042       0.33774170       0.66200924    0.00024906155
       4.8418042       0.33769653       0.66205437    0.00024910265
       4.8419042       0.33764630       0.66210456    0.00024914569
       4.8420042       0.33759100       0.66215981    0.00024919067
       4.8421042       0.33753072       0.66222005    0.00024923756
       4.8422042       0.33746554       0.66228518    0.00024928634
       4.8423042       0.33739566       0.66235501    0.00024933694
       4.8424042       0.33732136       0.66242925    0.00024938924
       4.8425043       0.33724303       0.66250753    0.00024944312
       4.8426043       0.33716116       0.66258934    0.00024949836
       4.8427043       0.33707631       0.66267413    0.00024955476
       4.8428043       0.33698914       0.66276125    0.00024961210
       4.8429043       0.33690038       0.66284995    0.00024967007
       4.8430043       0.33681085       0.66293942    0.00024972837
       4.8431043       0.33672140       0.66302881    0.00024978667
       4.8432043       0.33663291       0.66311725    0.00024984463
       4.8433043       0.33654627       0.66320383    0.00024990193
       4.8434043       0.33646234       0.66328770    0.00024995823
       4.8435044       0.33638199       0.66336800    0.00025001321
       4.8436044       0.33630602       0.66344392    0.00025006657
       4.8437044       0.33623514       0.66351474    0.00025011800
       4.8438044       0.33617006       0.66357977    0.00025016726
       4.8439044       0.33611136       0.66363842    0.00025021413
       4.8440044       0.33605959       0.66369015    0.00025025841
       4.8441044       0.33601519       0.66373451    0.00025029991
       4.8442044       0.33597853       0.66377113    0.00025033849
       4.8443044       0.33594987       0.66379976    0.00025037405
       4.8444044       0.33592945       0.66382014    0.00025040650
       4.8445045       0.33591739       0.66383217    0.00025043581
       4.8446045       0.33591379       0.66383574    0.00025046193
       4.8447045       0.33591866       0.66383086    0.00025048486
       4.8448045       0.33593187       0.66381763    0.00025050462
       4.8449045       0.33595332       0.66379616    0.00025052127
       4.8450045       0.33598275       0.66376672    0.00025053491
       4.8451045       0.33601989       0.66372957    0.00025054564
       4.8452045       0.33606435       0.66368509    0.00025055359
       4.8453045       0.33611569       0.66363376    0.00025055894
       4.8454045       0.33617331       0.66357613    0.00025056189
       4.8455046       0.33623662       0.66351282    0.00025056268
       4.8456046       0.33630488       0.66344456    0.00025056159
       4.8457046       0.33637734       0.66337210    0.00025055890
       4.8458046       0.33645317       0.66329628    0.00025055491
       4.8459046       0.33653148       0.66321797    0.00025054995
       4.8460046       0.33661136       0.66313810    0.00025054436
       4.8461046       0.33669189       0.66305757    0.00025053850
       4.8462046       0.33677219       0.66297728    0.00025053270
       4.8463046       0.33685139       0.66289808    0.00025052726
       4.8464046       0.33692868       0.66282079    0.00025052251
       4.8465047       0.33700333       0.66274615    0.00025051870
       4.8466047       0.33707469       0.66267480    0.00025051608
       4.8467047       0.33714223       0.66260725    0.00025051488
       4.8468047       0.33720550       0.66254399    0.00025051524
       4.8469047       0.33726415       0.66248534    0.00025051731
       4.8470047       0.33731793       0.66243155    0.00025052116
       4.8471047       0.33736671       0.66238276    0.00025052686
       4.8472047       0.33741045       0.66233902    0.00025053443
       4.8473047       0.33744910       0.66230036    0.00025054388
       4.8474047       0.33748273       0.66226672    0.00025055520
       4.8475048       0.33751142       0.66223801    0.00025056835
       4.8476048       0.33753532       0.66221410    0.00025058327
       4.8477048       0.33755454       0.66219486    0.00025059994
       4.8478048       0.33756927       0.66218012    0.00025061829
       4.8479048       0.33757958       0.66216978    0.00025063830
       4.8480048       0.33758560       0.66216374    0.00025065992
       4.8481048       0.33758741       0.66216190    0.00025068312
       4.8482048       0.33758511       0.66216418    0.00025070786
       4.8483048       0.33757871       0.66217056    0.00025073416
       4.8484048       0.33756822       0.66218102    0.00025076201
       4.8485049       0.33755359       0.66219561    0.00025079145
       4.8486049       0.33753477       0.66221440    0.00025082248
       4.8487049       0.33751171       0.66223744    0.00025085512
       4.8488049       0.33748426       0.66226485    0.00025088945
       4.8489049       0.33745234       0.66229673    0.00025092550
       4.8490049       0.33741582       0.66233322    0.00025096333
       4.8491049       0.33737459       0.66237441    0.00025100298
       4.8492049       0.33732857       0.66242039    0.00025104447
       4.8493049       0.33727775       0.66247116    0.00025108781
       4.8494049       0.33722211       0.66252676    0.00025113302
       4.8495050       0.33716170       0.66258712    0.00025118009
       4.8496050       0.33709665       0.66265212    0.00025122897
       4.8497050       0.33702718       0.66272154    0.00025127956
       4.8498050       0.33695362       0.66279505    0.00025133174
       4.8499050       0.33687636       0.66287226    0.00025138537
       4.8500050       0.33679588       0.66295268    0.00025144027
       4.8501050       0.33671279       0.66303572    0.00025149621
       4.8502050       0.33662775       0.66312069    0.00025155293
       4.8503050       0.33654153       0.66320686    0.00025161014
       4.8504050       0.33645493       0.66329340    0.00025166751
       4.8505051       0.33636880       0.66337947    0.00025172474
       4.8506051       0.33628401       0.66346421    0.00025178151
       4.8507051       0.33620143       0.66354674    0.00025183746
       4.8508051       0.33612192       0.66362619    0.00025189228
       4.8509051       0.33604628       0.66370178    0.00025194563
       4.8510051       0.33597530       0.66377271    0.00025199722
       4.8511051       0.33590967       0.66383828    0.00025204682
       4.8512051       0.33585006       0.66389785    0.00025209414
       4.8513051       0.33579702       0.66395084    0.00025213898
       4.8514051       0.33575106       0.66399676    0.00025218113
       4.8515052       0.33571253       0.66403525    0.00025222046
       4.8516052       0.33568181       0.66406593    0.00025225683
       4.8517052       0.33565911       0.66408860    0.00025229016
       4.8518052       0.33564463       0.66410305    0.00025232037
       4.8519052       0.33563848       0.66410917    0.00025234742
       4.8520052       0.33564064       0.66410699    0.00025237130
       4.8521052       0.33565109       0.66409652    0.00025239202
       4.8522052       0.33566966       0.66407793    0.00025240967
       4.8523052       0.33569618       0.66405140    0.00025242429
       4.8524052       0.33573035       0.66401721    0.00025243599
       4.8525053       0.33577181       0.66397574    0.00025244491
       4.8526053       0.33582008       0.66392747    0.00025245122
       4.8527053       0.33587463       0.66387291    0.00025245513
       4.8528053       0.33593483       0.66381271    0.00025245690
       4.8529053       0.33599999       0.66374755    0.00025245675
       4.8530053       0.33606937       0.66367818    0.00025245498
       4.8531053       0.33614212       0.66360543    0.00025245190
       4.8532053       0.33621737       0.66353018    0.00025244783
       4.8533053       0.33629423       0.66345333    0.00025244314
       4.8534053       0.33637181       0.66337575    0.00025243813
       4.8535054       0.33644924       0.66329833    0.00025243315
       4.8536054       0.33652565       0.66322192    0.00025242850
       4.8537054       0.33660025       0.66314732    0.00025242450
       4.8538054       0.33667234       0.66307524    0.00025242141
       4.8539054       0.33674129       0.66300629    0.00025241948
       4.8540054       0.33680656       0.66294102    0.00025241890
       4.8541054       0.33686772       0.66287986    0.00025241984
       4.8542054       0.33692443       0.66282315    0.00025242242
       4.8543054       0.33697647       0.66277110    0.00025242673
       4.8544054       0.33702373       0.66272383    0.00025243283
       4.8545055       0.33706613       0.66268143    0.00025244074
       4.8546055       0.33710366       0.66264389    0.00025245045
       4.8547055       0.33713639       0.66261115    0.00025246196
       4.8548055       0.33716445       0.66258308    0.00025247521
       4.8549055       0.33718795       0.66255956    0.00025249016
       4.8550055       0.33720707       0.66254042    0.00025250676
       4.8551055       0.33722194       0.66252554    0.00025252496
       4.8552055       0.33723269       0.66251476    0.00025254471
       4.8553055       0.33723946       0.66250797    0.00025256596
       4.8554055       0.33724237       0.66250504    0.00025258866
       4.8555056       0.33724148       0.66250591    0.00025261280
       4.8556056       0.33723686       0.66251050    0.00025263837
       4.8557056       0.33722850       0.66251883    0.00025266537
       4.8558056       0.33721638       0.66253092    0.00025269382
       4.8559056       0.33720048       0.66254679    0.00025272370
       4.8560056       0.33718069       0.66256655    0.00025275508
       4.8561056       0.33715693       0.66259028    0.00025278800
       4.8562056       0.33712906       0.66261812    0.00025282252
       4.8563056       0.33709695       0.66265019    0.00025285868
       4.8564056       0.33706048       0.66268663    0.00025289653
       4.8565057       0.33701956       0.66272750    0.00025293610
       4.8566057       0.33697409       0.66277293    0.00025297745
       4.8567057       0.33692400       0.66282297    0.00025302061
       4.8568057       0.33686930       0.66287763    0.00025306557
       4.8569057       0.33681005       0.66293684    0.00025311232
       4.8570057       0.33674640       0.66300044    0.00025316077
       4.8571057       0.33667854       0.66306825    0.00025321088
       4.8572057       0.33660679       0.66313995    0.00025326253
       4.8573057       0.33653155       0.66321513    0.00025331556
       4.8574057       0.33645332       0.66329331    0.00025336978
       4.8575058       0.33637269       0.66337389    0.00025342496
       4.8576058       0.33629034       0.66345618    0.00025348082
       4.8577058       0.33620701       0.66353945    0.00025353709
       4.8578058       0.33612350       0.66362291    0.00025359349
       4.8579058       0.33604064       0.66370571    0.00025364967
       4.8580058       0.33595930       0.66378699    0.00025370530
       4.8581058       0.33588033       0.66386591    0.00025376004
       4.8582058       0.33580456       0.66394163    0.00025381357
       4.8583058       0.33573279       0.66401334    0.00025386561
