;   
;  IMD Data
;   
;  Saved on Sat Nov  3 20:47:18 2018
;   
;  Structure: 
;   
;  c-ZnS layer (1), z=0.65 um
;  Si layer (2), z=465.00 um
;   
;  delta(lambda)=0.001 um
;   
;  Theta=0.000 deg
;   
;  Lambda [um] 	R 	T 	A
       4.8000000       0.48429932       0.51551468    0.00018600119
       4.8001000       0.48519523       0.51461908    0.00018568754
       4.8002000       0.48596616       0.51384842    0.00018541984
       4.8003000       0.48657073       0.51324406    0.00018521305
       4.8004000       0.48696481       0.51285010    0.00018508310
       4.8005001       0.48710224       0.51271271    0.00018504667
       4.8006001       0.48693565       0.51287923    0.00018512081
       4.8007001       0.48641686       0.51339781    0.00018532295
       4.8008001       0.48549807       0.51431626    0.00018567036
       4.8009001       0.48413259       0.51568123    0.00018617991
       4.8010001       0.48227565       0.51753748    0.00018686775
       4.8011001       0.47988544       0.51992682    0.00018774894
       4.8012001       0.47692333       0.52288783    0.00018883748
       4.8013001       0.47335514       0.52645471    0.00019014573
       4.8014001       0.46915163       0.53065668    0.00019168426
       4.8015002       0.46428915       0.53551739    0.00019346164
       4.8016002       0.45875020       0.54105432    0.00019548422
       4.8017002       0.45252408       0.54727816    0.00019775581
       4.8018002       0.44560705       0.55419267    0.00020027784
       4.8019002       0.43800301       0.56179394    0.00020304895
       4.8020002       0.42972374       0.57007020    0.00020606489
       4.8021002       0.42078921       0.57900147    0.00020931847
       4.8022002       0.41122779       0.58855941    0.00021279940
       4.8023002       0.40107643       0.59870708    0.00021649441
       4.8024002       0.39038071       0.60939890    0.00022038702
       4.8025003       0.37919488       0.62058066    0.00022445764
       4.8026003       0.36758175       0.63218957    0.00022868357
       4.8027003       0.35560243       0.64416453    0.00023304267
       4.8028003       0.34333951       0.65642298    0.00023750502
       4.8029003       0.33088258       0.66887538    0.00024203828
       4.8030003       0.31832732       0.68142607    0.00024660779
       4.8031003       0.30577508       0.69397374    0.00025117687
       4.8032003       0.29333199       0.70641230    0.00025570708
       4.8033003       0.28110791       0.71863193    0.00026015862
       4.8034003       0.26921504       0.73052047    0.00026449078
       4.8035004       0.25776701       0.74196432    0.00026866246
       4.8036004       0.24687687       0.75285050    0.00027263263
       4.8037004       0.23665559       0.76306805    0.00027636103
       4.8038004       0.22721033       0.77250986    0.00027980881
       4.8039004       0.21864251       0.78107455    0.00028293909
       4.8040004       0.21104643       0.78866785    0.00028571772
       4.8041004       0.20450727       0.79520461    0.00028811371
       4.8042004       0.19909954       0.80061036    0.00029009997
       4.8043004       0.19488566       0.80482269    0.00029165381
       4.8044004       0.19191477       0.80779247    0.00029275731
       4.8045005       0.19022164       0.80948496    0.00029339775
       4.8046005       0.18982614       0.80988030    0.00029356788
       4.8047005       0.19073282       0.80897392    0.00029326592
       4.8048005       0.19293068       0.80677682    0.00029249576
       4.8049005       0.19639348       0.80331526    0.00029126682
       4.8050005       0.20108018       0.79863023    0.00028959383
       4.8051005       0.20693590       0.79277661    0.00028749670
       4.8052005       0.21389308       0.78582192    0.00028499976
       4.8053005       0.22187260       0.77784527    0.00028213166
       4.8054005       0.23078535       0.76893573    0.00027892461
       4.8055006       0.24053389       0.75919069    0.00027541391
       4.8056006       0.25101420       0.74871417    0.00027163719
       4.8057006       0.26211729       0.73761508    0.00026763400
       4.8058006       0.27373141       0.72600515    0.00026344480
       4.8059006       0.28574328       0.71399761    0.00025911065
       4.8060006       0.29803988       0.70170545    0.00025467253
       4.8061006       0.31050997       0.68923986    0.00025017075
       4.8062006       0.32304518       0.67670918    0.00024564473
       4.8063006       0.33554166       0.66421720    0.00024113209
       4.8064006       0.34790058       0.65186275    0.00023666872
       4.8065007       0.36002900       0.63973871    0.00023228837
       4.8066007       0.37184051       0.62793147    0.00022802246
       4.8067007       0.38325565       0.61652045    0.00022389981
       4.8068007       0.39420186       0.60557819    0.00021994691
       4.8069007       0.40461398       0.59516984    0.00021618741
       4.8070007       0.41443380       0.58535356    0.00021264250
       4.8071007       0.42361000       0.57618067    0.00020933088
       4.8072007       0.43209797       0.56769576    0.00020626880
       4.8073007       0.43985912       0.55993741    0.00020347043
       4.8074007       0.44686066       0.55293840    0.00020094770
       4.8075008       0.45307511       0.54672617    0.00019871067
       4.8076008       0.45847981       0.54132342    0.00019676768
       4.8077008       0.46305636       0.53674851    0.00019512551
       4.8078008       0.46679039       0.53301582    0.00019378941
       4.8079008       0.46967074       0.53013650    0.00019276365
       4.8080008       0.47168914       0.52811881    0.00019205124
       4.8081008       0.47284019       0.52696815    0.00019165427
       4.8082008       0.47312096       0.52668747    0.00019157390
       4.8083008       0.47253104       0.52727715    0.00019181032
       4.8084008       0.47107206       0.52873558    0.00019236308
       4.8085009       0.46874827       0.53105850    0.00019323078
       4.8086009       0.46556620       0.53423939    0.00019441109
       4.8087009       0.46153530       0.53826880    0.00019590066
       4.8088009       0.45666817       0.54313414    0.00019769500
       4.8089009       0.45098098       0.54881923    0.00019978825
       4.8090009       0.44449379       0.55530403    0.00020217327
       4.8091009       0.43723093       0.56256423    0.00020484126
       4.8092009       0.42922176       0.57057046    0.00020778158
       4.8093009       0.42050106       0.57928796    0.00021098164
       4.8094009       0.41110944       0.58867613    0.00021442665
       4.8095010       0.40109378       0.59868812    0.00021809963
       4.8096010       0.39050766       0.60927035    0.00022198115
       4.8097010       0.37941137       0.62036258    0.00022604924
       4.8098010       0.36787233       0.63189739    0.00023027937
       4.8099010       0.35596503       0.64380032    0.00023464441
       4.8100010       0.34377078       0.65599011    0.00023911468
       4.8101010       0.33137784       0.66837850    0.00024365809
       4.8102010       0.31888053       0.68087123    0.00024824023
       4.8103010       0.30637884       0.69336834    0.00025282461
       4.8104010       0.29397755       0.70576508    0.00025737303
       4.8105011       0.28178504       0.71795311    0.00026184586
       4.8106011       0.26991260       0.72982120    0.00026620254
       4.8107011       0.25847260       0.74125700    0.00027040205
       4.8108011       0.24757711       0.75214849    0.00027440343
       4.8109011       0.23733630       0.76238553    0.00027816642
       4.8110011       0.22785676       0.77186159    0.00028165207
       4.8111011       0.21923953       0.78047565    0.00028482339
       4.8112011       0.21157879       0.78813356    0.00028764599
       4.8113011       0.20495988       0.79475003    0.00029008862
       4.8114011       0.19945772       0.80025015    0.00029212384
       4.8115012       0.19513546       0.80457081    0.00029372850
       4.8116012       0.19204320       0.80766191    0.00029488423
       4.8117012       0.19021694       0.80948749    0.00029557774
       4.8118012       0.18967801       0.81002618    0.00029580121
       4.8119012       0.19043266       0.80927179    0.00029555223
       4.8120012       0.19247173       0.80723344    0.00029483405
       4.8121012       0.19577095       0.80393540    0.00029365543
       4.8122012       0.20029138       0.79941659    0.00029203047
       4.8123012       0.20598026       0.79372976    0.00028997842
       4.8124012       0.21277218       0.78694030    0.00028752305
       4.8125013       0.22059010       0.77912521    0.00028469243
       4.8126013       0.22934693       0.77037155    0.00028151830
       4.8127013       0.23894714       0.76077482    0.00027803550
       4.8128013       0.24928844       0.75043727    0.00027428133
       4.8129013       0.26026344       0.73946627    0.00027029505
       4.8130013       0.27176174       0.72797215    0.00026611690
       4.8131013       0.28367123       0.71606698    0.00026178785
       4.8132013       0.29587984       0.70386281    0.00025734882
       4.8133013       0.30827704       0.69147012    0.00025284016
       4.8134013       0.32075499       0.67899671    0.00024830138
       4.8135014       0.33321015       0.66654608    0.00024377027
       4.8136014       0.34554379       0.65421692    0.00023928295
       4.8137014       0.35766295       0.64210217    0.00023487342
       4.8138014       0.36948101       0.63028842    0.00023057339
       4.8139014       0.38091819       0.61885540    0.00022641203
       4.8140014       0.39190150       0.60787608    0.00022241617
       4.8141014       0.40236529       0.59741610    0.00021860981
       4.8142014       0.41225077       0.58753421    0.00021501450
       4.8143014       0.42150604       0.57828231    0.00021164931
       4.8144014       0.43008585       0.56970562    0.00020853082
       4.8145015       0.43795097       0.56184335    0.00020567353
       4.8146015       0.44506803       0.55472888    0.00020308969
       4.8147015       0.45140894       0.54839028    0.00020078965
       4.8148015       0.45695044       0.54285077    0.00019878201
       4.8149015       0.46167364       0.53812929    0.00019707379
       4.8150015       0.46556361       0.53424072    0.00019567049
       4.8151015       0.46860874       0.53119668    0.00019457656
       4.8152015       0.47080030       0.52900591    0.00019379522
       4.8153015       0.47213241       0.52767426    0.00019332873
       4.8154015       0.47260170       0.52720512    0.00019317844
       4.8155016       0.47220726       0.52759940    0.00019334469
       4.8156016       0.47095032       0.52885586    0.00019382726
       4.8157016       0.46883423       0.53097114    0.00019462493
       4.8158016       0.46586500       0.53393926    0.00019573562
       4.8159016       0.46205127       0.53775157    0.00019715625
       4.8160016       0.45740468       0.54239643    0.00019888265
       4.8161016       0.45194032       0.54785877    0.00020090930
       4.8162016       0.44567697       0.55411980    0.00020322950
       4.8163016       0.43863749       0.56115667    0.00020583490
       4.8164016       0.43084961       0.56894167    0.00020871539
       4.8165017       0.42234627       0.57744187    0.00021185897
       4.8166017       0.41316604       0.58661870    0.00021525147
       4.8167017       0.40335361       0.59642751    0.00021887661
       4.8168017       0.39296018       0.60681710    0.00022271569
       4.8169017       0.38204353       0.61772973    0.00022674750
       4.8170017       0.37066844       0.62910061    0.00023094829
       4.8171017       0.35890671       0.64085800    0.00023529172
       4.8172017       0.34683692       0.65292333    0.00023974890
       4.8173017       0.33454461       0.66521110    0.00024428852
       4.8174017       0.32212146       0.67762966    0.00024887686
       4.8175018       0.30966495       0.69008158    0.00025347812
       4.8176018       0.29727754       0.70246440    0.00025805464
       4.8177018       0.28506562       0.71467182    0.00026256726
       4.8178018       0.27313874       0.72659428    0.00026697574
       4.8179018       0.26160801       0.73812075    0.00027123924
       4.8180018       0.25058468       0.74914000    0.00027531680
       4.8181018       0.24017863       0.75954220    0.00027916797
       4.8182018       0.23049670       0.76922054    0.00028275342
       4.8183018       0.22164082       0.77807315    0.00028603557
       4.8184018       0.21370665       0.78600437    0.00028897925
       4.8185019       0.20678162       0.79292683    0.00029155218
       4.8186019       0.20094336       0.79876292    0.00029372575
       4.8187019       0.19625828       0.80344624    0.00029547544
       4.8188019       0.19278027       0.80692294    0.00029678134
       4.8189019       0.19054956       0.80915281    0.00029762852
       4.8190019       0.18959211       0.81010988    0.00029800740
       4.8191019       0.18991904       0.80978305    0.00029791376
       4.8192019       0.19152627       0.80817638    0.00029734900
       4.8193019       0.19439471       0.80530897    0.00029632005
       4.8194019       0.19849053       0.80121463    0.00029483923
       4.8195020       0.20376599       0.79594109    0.00029292408
       4.8196020       0.21016044       0.78954896    0.00029059679
       4.8197020       0.21760133       0.78211079    0.00028788398
       4.8198020       0.22600562       0.77370956    0.00028481615
       4.8199020       0.23528140       0.76443717    0.00028142706
       4.8200020       0.24532946       0.75439279    0.00027775312
       4.8201020       0.25604497       0.74368120    0.00027383296
       4.8202020       0.26731953       0.73241076    0.00026970638
       4.8203020       0.27904246       0.72069213    0.00026541409
       4.8204020       0.29110257       0.70863644    0.00026099702
       4.8205021       0.30338968       0.69635383    0.00025649568
       4.8206021       0.31579581       0.68395224    0.00025194990
       4.8207021       0.32821687       0.67153573    0.00024739796
       4.8208021       0.34055318       0.65920395    0.00024287658
       4.8209021       0.35271048       0.64705110    0.00023842051
       4.8210021       0.36460061       0.63516533    0.00023406223
       4.8211021       0.37614204       0.62362813    0.00022983178
       4.8212021       0.38725988       0.61251436    0.00022575688
       4.8213021       0.39788647       0.60189167    0.00022186244
       4.8214021       0.40796101       0.59182081    0.00021817092
       4.8215022       0.41742955       0.58235575    0.00021470227
       4.8216022       0.42624483       0.57354370    0.00021147391
       4.8217022       0.43436571       0.56542579    0.00020850120
       4.8218022       0.44175698       0.55803722    0.00020579710
       4.8219022       0.44838887       0.55140776    0.00020337268
       4.8220022       0.45423654       0.54556222    0.00020123719
       4.8221022       0.45927963       0.54052097    0.00019939823
       4.8222022       0.46350194       0.53630020    0.00019786180
       4.8223022       0.46689062       0.53291275    0.00019663285
       4.8224022       0.46943587       0.53036842    0.00019571501
       4.8225023       0.47113080       0.52867409    0.00019511092
       4.8226023       0.47197106       0.52783412    0.00019482230
       4.8227023       0.47195478       0.52785037    0.00019484987
       4.8228023       0.47108218       0.52872262    0.00019519374
       4.8229023       0.46935557       0.53044858    0.00019585311
       4.8230023       0.46677974       0.53302344    0.00019682630
       4.8231023       0.46336199       0.53643989    0.00019811071
       4.8232023       0.45911244       0.54068786    0.00019970271
       4.8233023       0.45404438       0.54575402    0.00020159739
       4.8234023       0.44817458       0.55162163    0.00020378876
       4.8235024       0.44152358       0.55827016    0.00020626925
       4.8236024       0.43411650       0.56567447    0.00020902966
       4.8237024       0.42598340       0.57380454    0.00021205896
       4.8238024       0.41715968       0.58262497    0.00021534405
       4.8239024       0.40768656       0.59209457    0.00021886982
       4.8240024       0.39761155       0.60216583    0.00022261879
       4.8241024       0.38698852       0.61278490    0.00022657104
       4.8242024       0.37587821       0.62389108    0.00023070417
       4.8243024       0.36434825       0.63541675    0.00023499319
       4.8244024       0.35247304       0.64728755    0.00023941053
       4.8245025       0.34033398       0.65942209    0.00024392619
       4.8246025       0.32801876       0.67173274    0.00024850770
       4.8247025       0.31562110       0.68412578    0.00025312038
       4.8248025       0.30324008       0.69650219    0.00025772756
       4.8249025       0.29097911       0.70875860    0.00026229090
       4.8250025       0.27894537       0.72078786    0.00026677074
       4.8251025       0.26724822       0.73248065    0.00027112661
       4.8252025       0.25599795       0.74372673    0.00027531760
       4.8253025       0.24530431       0.75441639    0.00027930303
       4.8254025       0.23527489       0.76444206    0.00028304300
       4.8255026       0.22601335       0.77370015    0.00028649902
       4.8256026       0.21761805       0.78209232    0.00028963467
       4.8257026       0.21018007       0.78952751    0.00029241609
       4.8258026       0.20378166       0.79592353    0.00029481275
       4.8259026       0.19849469       0.80120851    0.00029679793
       4.8260026       0.19437935       0.80532230    0.00029834925
       4.8261026       0.19148284       0.80821771    0.00029944909
       4.8262026       0.18983867       0.80986124    0.00030008500
       4.8263026       0.18946592       0.81023383    0.00030024979
       4.8264026       0.19036873       0.80933133    0.00029994181
       4.8265027       0.19253631       0.80716452    0.00029916497
       4.8266027       0.19594309       0.80375898    0.00029792862
       4.8267027       0.20054931       0.79915444    0.00029624748
       4.8268027       0.20630194       0.79340392    0.00029414107
       4.8269027       0.21313545       0.78657291    0.00029163359
       4.8270027       0.22097324       0.77873801    0.00028875338
       4.8271027       0.22972900       0.76998547    0.00028553235
       4.8272027       0.23930832       0.76040967    0.00028200542
       4.8273027       0.24961028       0.75011151    0.00027821003
       4.8274027       0.26052945       0.73919636    0.00027418517
       4.8275028       0.27195721       0.72777282    0.00026997108
       4.8276028       0.28378352       0.71595087    0.00026560855
       4.8277028       0.29589852       0.70384034    0.00026113826
       4.8278028       0.30819378       0.69154962    0.00025660050
       4.8279028       0.32056400       0.67918397    0.00025203427
       4.8280028       0.33290770       0.66684482    0.00024747722
       4.8281028       0.34512833       0.65462871    0.00024296518
       4.8282028       0.35713496       0.64262651    0.00023853192
       4.8283028       0.36884298       0.63092281    0.00023420882
       4.8284028       0.38017421       0.61959576    0.00023002502
       4.8285029       0.39105755       0.60871644    0.00022600688
       4.8286029       0.40142870       0.59834913    0.00022217832
       4.8287029       0.41123020       0.58855124    0.00021856073
       4.8288029       0.42041139       0.57937344    0.00021517293
       4.8289029       0.42892785       0.57086012    0.00021203158
       4.8290029       0.43674128       0.56304957    0.00020915090
       4.8291029       0.44381899       0.55597447    0.00020654311
       4.8292029       0.45013349       0.54966230    0.00020421851
       4.8293029       0.45566197       0.54413584    0.00020218565
       4.8294029       0.46038602       0.53941353    0.00020045141
       4.8295030       0.46429082       0.53551016    0.00019902150
       4.8296030       0.46736478       0.53243732    0.00019790023
       4.8297030       0.46959940       0.53020351    0.00019709087
       4.8298030       0.47098879       0.52881462    0.00019659570
       4.8299030       0.47152965       0.52827393    0.00019641600
       4.8300030       0.47122078       0.52858267    0.00019655240
       4.8301030       0.47006297       0.52974002    0.00019700464
       4.8302030       0.46805943       0.53174280    0.00019777164
       4.8303030       0.46521567       0.53458548    0.00019885143
       4.8304030       0.46153978       0.53825998    0.00020024112
       4.8305031       0.45704278       0.54275528    0.00020193660
       4.8306031       0.45173880       0.54805726    0.00020393283
       4.8307031       0.44564539       0.55414838    0.00020622330
       4.8308031       0.43878431       0.56100689    0.00020879998
       4.8309031       0.43118182       0.56860652    0.00021165319
       4.8310031       0.42286922       0.57691601    0.00021477127
       4.8311031       0.41388316       0.58589870    0.00021814070
       4.8312031       0.40426630       0.59551196    0.00022174568
       4.8313031       0.39406733       0.60570710    0.00022556810
       4.8314031       0.38334160       0.61642881    0.00022958737
       4.8315032       0.37215118       0.62761504    0.00023378042
       4.8316032       0.36056485       0.63919703    0.00023812159
       4.8317032       0.34865843       0.65109898    0.00024258275
       4.8318032       0.33651416       0.66323871    0.00024713321
       4.8319032       0.32422060       0.67552766    0.00025173997
       4.8320032       0.31187212       0.68787152    0.00025636789
       4.8321032       0.29956794       0.70017108    0.00026097988
       4.8322032       0.28741182       0.71232264    0.00026553730
       4.8323032       0.27551051       0.72421949    0.00027000037
       4.8324032       0.26397268       0.73575299    0.00027432848
       4.8325033       0.25290757       0.74681395    0.00027848086
       4.8326033       0.24242349       0.75729410    0.00028241707
       4.8327033       0.23262603       0.76708787    0.00028609762
       4.8328033       0.22361686       0.77609366    0.00028948458
       4.8329033       0.21549167       0.78421579    0.00029254217
       4.8330033       0.20833861       0.79136615    0.00029523741
       4.8331033       0.20223671       0.79746575    0.00029754074
       4.8332033       0.19725443       0.80244615    0.00029942653
       4.8333033       0.19344825       0.80625088    0.00030087357
       4.8334033       0.19086181       0.80883633    0.00030186554
       4.8335034       0.18952495       0.81017266    0.00030239119
       4.8336034       0.18945303       0.81024453    0.00030244467
       4.8337034       0.19064666       0.80905132    0.00030202568
       4.8338034       0.19309165       0.80660721    0.00030113936
       4.8339034       0.19675941       0.80294079    0.00029979637
       4.8340034       0.20160758       0.79809441    0.00029801240
       4.8341034       0.20758064       0.79212355    0.00029580808
       4.8342034       0.21461112       0.78509567    0.00029320853
       4.8343034       0.22262089       0.77708886    0.00029024285
       4.8344034       0.23152255       0.76819050    0.00028694358
       4.8345035       0.24122099       0.75849566    0.00028334625
       4.8346035       0.25161534       0.74810517    0.00027948843
       4.8347035       0.26260025       0.73712434    0.00027540942
       4.8348035       0.27406772       0.72566113    0.00027114953
       4.8349035       0.28590869       0.71382456    0.00026674944
       4.8350035       0.29801442       0.70172333    0.00026224983
       4.8351035       0.31027829       0.68946402    0.00025769047
       4.8352035       0.32259657       0.67715032    0.00025311012
       4.8353035       0.33486968       0.66488178    0.00024854599
       4.8354035       0.34700302       0.65275295    0.00024403345
       4.8355036       0.35890780       0.64085259    0.00023960567
       4.8356036       0.37050128       0.62926343    0.00023529370
       4.8357036       0.38170756       0.61806132    0.00023112588
       4.8358036       0.39245741       0.60731546    0.00022712813
       4.8359036       0.40268843       0.59708824    0.00022332383
       4.8360036       0.41234509       0.58743518    0.00021973377
       4.8361036       0.42137822       0.57840541    0.00021637648
       4.8362036       0.42974504       0.57004170    0.00021326797
       4.8363036       0.43740864       0.56238094    0.00021042211
       4.8364036       0.44433761       0.55545454    0.00020785074
       4.8365037       0.45050556       0.54928888    0.00020556381
       4.8366037       0.45589081       0.54390562    0.00020356947
       4.8367037       0.46047563       0.53932249    0.00020187454
       4.8368037       0.46424583       0.53555369    0.00020048435
       4.8369037       0.46719054       0.53261005    0.00019940306
       4.8370037       0.46930176       0.53049961    0.00019863377
       4.8371037       0.47057420       0.52922762    0.00019817851
       4.8372037       0.47100475       0.52879721    0.00019803861
       4.8373037       0.47059233       0.52920945    0.00019821454
       4.8374037       0.46933817       0.53046312    0.00019870591
       4.8375038       0.46724568       0.53255481    0.00019951157
       4.8376038       0.46432058       0.53547879    0.00020062945
       4.8377038       0.46057125       0.53922669    0.00020205644
       4.8378038       0.45600880       0.54378742    0.00020378858
       4.8379038       0.45064731       0.54914687    0.00020582061
       4.8380038       0.44450463       0.55528722    0.00020814592
       4.8381038       0.43760266       0.56218658    0.00021075640
       4.8382038       0.42996781       0.56981855    0.00021364214
       4.8383038       0.42163137       0.57815184    0.00021679153
       4.8384038       0.41263017       0.58714964    0.00022019087
       4.8385039       0.40300667       0.59676950    0.00022382424
       4.8386039       0.39280965       0.60696268    0.00022767339
       4.8387039       0.38209434       0.61767395    0.00023171766
       4.8388039       0.37092253       0.62884154    0.00023593381
       4.8389039       0.35936299       0.64039671    0.00024029618
       4.8390039       0.34749101       0.65226422    0.00024477649
       4.8391039       0.33538845       0.66436221    0.00024934401
       4.8392039       0.32314338       0.67660266    0.00025396571
       4.8393039       0.31084935       0.68889205    0.00025860640
       4.8394039       0.29860516       0.70113161    0.00026322903
       4.8395040       0.28651362       0.71321858    0.00026779500
       4.8396040       0.27468054       0.72504719    0.00027226451
       4.8397040       0.26321362       0.73650978    0.00027659709
       4.8398040       0.25222104       0.74749821    0.00028075206
       4.8399040       0.24180981       0.75790550    0.00028468911
       4.8400040       0.23208467       0.76762696    0.00028836893
       4.8401040       0.22314601       0.77656223    0.00029175368
       4.8402040       0.21508836       0.78461683    0.00029480779
       4.8403040       0.20799876       0.79170374    0.00029749847
       4.8404040       0.20195520       0.79774501    0.00029979633
       4.8405041       0.19702505       0.80267328    0.00030167592
       4.8406041       0.19326409       0.80643280    0.00030311625
       4.8407041       0.19071526       0.80898064    0.00030410106
       4.8408041       0.18940776       0.81028762    0.00030461927
       4.8409041       0.18935654       0.81033880    0.00030466517
       4.8410041       0.19056189       0.80913388    0.00030423851
       4.8411041       0.19300961       0.80668704    0.00030334460
       4.8412041       0.19667134       0.80302666    0.00030199399
       4.8413041       0.20150489       0.79819491    0.00030020243
       4.8414041       0.20745519       0.79224682    0.00029799056
       4.8415042       0.21445538       0.78524924    0.00029538345
       4.8416042       0.22242800       0.77727959    0.00029241012
       4.8417042       0.23128644       0.76842446    0.00028910314
       4.8418042       0.24093674       0.75877776    0.00028549775
       4.8419042       0.25127889       0.74843948    0.00028163153
       4.8420042       0.26220856       0.73751390    0.00027754368
       4.8421042       0.27361882       0.72610790    0.00027327434
       4.8422042       0.28540155       0.71432959    0.00026886427
       4.8423042       0.29744931       0.70228634    0.00026435381
       4.8424042       0.30965631       0.69008390    0.00025978275
       4.8425043       0.32191979       0.67782502    0.00025518978
       4.8426043       0.33414101       0.66560837    0.00025061205
       4.8427043       0.34622626       0.65352765    0.00024608483
       4.8428043       0.35808726       0.64167110    0.00024164146
       4.8429043       0.36964218       0.63012051    0.00023731269
       4.8430043       0.38081554       0.61895133    0.00023312699
       4.8431043       0.39153859       0.60823230    0.00022911030
       4.8432043       0.40174941       0.59802530    0.00022528592
       4.8433043       0.41139260       0.58838572    0.00022167489
       4.8434043       0.42041938       0.57936232    0.00021829557
       4.8435044       0.42878713       0.57099771    0.00021516407
       4.8436044       0.43645906       0.56332864    0.00021229434
       4.8437044       0.44340386       0.55638644    0.00020969825
       4.8438044       0.44959531       0.55019730    0.00020738571
       4.8439044       0.45501159       0.54478304    0.00020536513
       4.8440044       0.45963487       0.54016148    0.00020364324
       4.8441044       0.46345103       0.53634675    0.00020222547
       4.8442044       0.46644911       0.53334978    0.00020111602
       4.8443044       0.46862118       0.53117850    0.00020031795
       4.8444044       0.46996169       0.52983848    0.00019983352
       4.8445045       0.47046721       0.52933312    0.00019966407
       4.8446045       0.47013666       0.52966353    0.00019981011
       4.8447045       0.46897103       0.53082870    0.00020027135
       4.8448045       0.46697346       0.53282549    0.00020104670
       4.8449045       0.46414950       0.53564837    0.00020213412
       4.8450045       0.46050699       0.53928948    0.00020353082
       4.8451045       0.45605638       0.54373839    0.00020523289
       4.8452045       0.45081134       0.54898142    0.00020723526
       4.8453045       0.44478905       0.55500142    0.00020953154
       4.8454045       0.43801064       0.56177725    0.00021211375
       4.8455046       0.43050151       0.56928352    0.00021497244
       4.8456046       0.42229203       0.57748988    0.00021809623
       4.8457046       0.41341765       0.58636087    0.00022147176
       4.8458046       0.40391967       0.59585525    0.00022508348
       4.8459046       0.39384541       0.60592568    0.00022891358
       4.8460046       0.38324850       0.61651856    0.00023294176
       4.8461046       0.37218930       0.62757356    0.00023714534
       4.8462046       0.36073463       0.63902387    0.00024149906
       4.8463046       0.34895809       0.65079594    0.00024597513
       4.8464046       0.33693972       0.66280974    0.00025054329
       4.8465047       0.32476559       0.67497924    0.00025517096
       4.8466047       0.31252774       0.68721244    0.00025982340
       4.8467047       0.30032313       0.69941241    0.00026446394
       4.8468047       0.28825289       0.71147805    0.00026905430
       4.8469047       0.27642141       0.72330503    0.00027355498
       4.8470047       0.26493511       0.73478697    0.00027792567
       4.8471047       0.25390096       0.74581691    0.00028212583
       4.8472047       0.24342553       0.75628836    0.00028611516
       4.8473047       0.23361298       0.76609716    0.00028985416
       4.8474047       0.22456363       0.77514306    0.00029330480
       4.8475048       0.21637230       0.78333127    0.00029643114
       4.8476048       0.20912669       0.79057411    0.00029919991
       4.8477048       0.20290574       0.79679268    0.00030158111
       4.8478048       0.19777844       0.80191801    0.00030354861
       4.8479048       0.19380240       0.80589252    0.00030508048
       4.8480048       0.19102266       0.80867118    0.00030615956
       4.8481048       0.18947090       0.81022233    0.00030677378
       4.8482048       0.18916470       0.81052838    0.00030691634
       4.8483048       0.19010740       0.80958601    0.00030658595
       4.8484048       0.19228798       0.80740624    0.00030578665
       4.8485049       0.19568114       0.80401433    0.00030452792
       4.8486049       0.20024793       0.79944925    0.00030282444
       4.8487049       0.20593643       0.79376288    0.00030069578
       4.8488049       0.21268279       0.78701904    0.00029816600
       4.8489049       0.22041243       0.77929231    0.00029526336
       4.8490049       0.22904162       0.77066636    0.00029201945
       4.8491049       0.23847872       0.76123281    0.00028846893
       4.8492049       0.24862582       0.75108953    0.00028464885
       4.8493049       0.25938046       0.74033895    0.00028059793
       4.8494049       0.27063705       0.72908660    0.00027635624
       4.8495050       0.28228890       0.71743913    0.00027196411
       4.8496050       0.29422926       0.70550328    0.00026746199
       4.8497050       0.30635282       0.69338429    0.00026288976
       4.8498050       0.31855700       0.68118472    0.00025828632
       4.8499050       0.33074303       0.66900328    0.00025368907
       4.8500050       0.34281667       0.65693420    0.00024913382
       4.8501050       0.35468936       0.64506598    0.00024465411
       4.8502050       0.36627840       0.63348132    0.00024028133
       4.8503050       0.37750743       0.62225653    0.00023604448
       4.8504050       0.38830677       0.61146126    0.00023196996
       4.8505051       0.39861324       0.60115868    0.00022808189
       4.8506051       0.40837048       0.59140512    0.00022440163
       4.8507051       0.41752852       0.58225053    0.00022094820
       4.8508051       0.42604359       0.57373867    0.00021773826
       4.8509051       0.43387781       0.56590740    0.00021478628
       4.8510051       0.44099891       0.55878899    0.00021210451
       4.8511051       0.44737951       0.55241079    0.00020970352
       4.8512051       0.45299681       0.54679559    0.00020759199
       4.8513051       0.45783221       0.54196201    0.00020577706
       4.8514051       0.46187076       0.53792498    0.00020426450
       4.8515052       0.46510094       0.53469600    0.00020305871
       4.8516052       0.46751398       0.53228385    0.00020216322
       4.8517052       0.46910353       0.53069489    0.00020158047
       4.8518052       0.46986570       0.52993299    0.00020131204
       4.8519052       0.46979876       0.52999988    0.00020135867
       4.8520052       0.46890304       0.53089524    0.00020172034
       4.8521052       0.46718111       0.53261650    0.00020239611
       4.8522052       0.46463754       0.53515907    0.00020338442
       4.8523052       0.46127911       0.53851621    0.00020468275
       4.8524052       0.45711531       0.54267840    0.00020628756
       4.8525053       0.45215859       0.54763321    0.00020819422
       4.8526053       0.44642476       0.55336485    0.00021039674
       4.8527053       0.43993314       0.55985397    0.00021288789
       4.8528053       0.43270743       0.56707691    0.00021565878
       4.8529053       0.42477569       0.57500561    0.00021869877
       4.8530053       0.41617117       0.58360683    0.00022199526
       4.8531053       0.40693263       0.59284184    0.00022553359
       4.8532053       0.39710461       0.60266609    0.00022929677
       4.8533053       0.38673799       0.61302874    0.00023326560
       4.8534053       0.37588988       0.62387270    0.00023741833
       4.8535054       0.36462406       0.63513421    0.00024173073
       4.8536054       0.35301088       0.64674295    0.00024617603
       4.8537054       0.34112706       0.65862222    0.00025072500
       4.8538054       0.32905577       0.67068888    0.00025534601
       4.8539054       0.31688596       0.68285404    0.00026000526
       4.8540054       0.30471172       0.69502361    0.00026466684
       4.8541054       0.29263172       0.70709898    0.00026929317
       4.8542054       0.28074821       0.71897794    0.00027384529
       4.8543054       0.26916575       0.73055596    0.00027828327
       4.8544054       0.25799046       0.74172698    0.00028256673
       4.8545055       0.24732817       0.75238518    0.00028665527
       4.8546055       0.23728313       0.76242636    0.00029050910
       4.8547055       0.22795642       0.77174949    0.00029408966
       4.8548055       0.21944419       0.78025845    0.00029736017
       4.8549055       0.21183647       0.78786324    0.00030028629
       4.8550055       0.20521522       0.79448194    0.00030283675
       4.8551055       0.19965304       0.80004198    0.00030498374
       4.8552055       0.19521173       0.80448157    0.00030670361
       4.8553055       0.19194121       0.80775082    0.00030797725
       4.8554055       0.18987837       0.80981283    0.00030879044
       4.8555056       0.18904666       0.81064420    0.00030913422
       4.8556056       0.18945548       0.81023551    0.00030900488
       4.8557056       0.19109992       0.80859168    0.00030840419
       4.8558056       0.19396090       0.80573176    0.00030733934
       4.8559056       0.19800561       0.80168857    0.00030582275
       4.8560056       0.20318801       0.79650812    0.00030387184
       4.8561056       0.20944987       0.79024862    0.00030150884
       4.8562056       0.21672199       0.78297925    0.00029876001
       4.8563056       0.22492522       0.77477912    0.00029565548
       4.8564056       0.23397203       0.76573574    0.00029222859
       4.8565057       0.24376801       0.75594348    0.00028851525
       4.8566057       0.25421341       0.74550204    0.00028455357
       4.8567057       0.26520508       0.73451454    0.00028038281
       4.8568057       0.27663766       0.72308630    0.00027604314
       4.8569057       0.28840520       0.71132322    0.00027157499
       4.8570057       0.30040263       0.69933035    0.00026701845
       4.8571057       0.31252702       0.68721056    0.00026241275
       4.8572057       0.32467856       0.67506364    0.00025779609
       4.8573057       0.33676197       0.66298482    0.00025320479
       4.8574057       0.34868685       0.65106448    0.00024867339
       4.8575058       0.36036846       0.63938730    0.00024423426
       4.8576058       0.37172829       0.62803179    0.00023991737
       4.8577058       0.38269405       0.61707019    0.00023575047
       4.8578058       0.39320027       0.60656797    0.00023175854
       4.8579058       0.40318795       0.59658409    0.00022796416
       4.8580058       0.41260456       0.58717105    0.00022438746
       4.8581058       0.42140387       0.57837509    0.00022104617
       4.8582058       0.42954571       0.57023634    0.00021795565
       4.8583058       0.43699539       0.56278948    0.00021512933
